symbol,_id,address,business_scope,chairman,city,descrpt,email,main_business,manager,province,reg_capital,secretary,setup_date,website,company,dividend_startyear,exchange,exchange_,group,groupcode,index_stockid,industry,industrycode,mktcap_norm_cny,pchange_12w,pchange_ytd,price,sector,sectorcode,share_percentage,shares,value,position,change,share_change,impact,abs_impact,split_factor,price_max,price_min,price_avg,change_from_average,portdate,action,comment,oid
603960,2020Q4_1748953,上海市宝山区罗东路1555号,工业自动化设备、机电一体化设备及产品技术的“四技”服务；工业自动化生产系统设备，机电一体化产品及设备，电子控制及气动元器件，现代展示设备，设计，制造，安装，调试，维修，保养；从事货物及技术进出口业务;物业管理。(依法须经批准的项目，经相关部分批准后方可开展经营活动)。,谈士力,上海市,公司是柔性自动化装备与工业机器人系统应用供应商，致力于非标智能装备、工业机器人系统集成的研究、开发、制造，产品广泛应用于汽车、电子、轻工、机械等行业。公司产品可分为柔性自动化生产线与工业机器人系统应用两大类，主要应用在汽车电子、汽车内饰等领域；从设备功能上看，产品涵盖装配线、检测线、焊接线、喷涂线、折弯线等各类非标智能装备。随着业务经验与研发技术的积累，公司在数字化系统集成创新、柔性自动化生产线工装夹具的参数化与模块化设计、电驱动系统的精确分析计算与实验、快速成型与模拟仿真等环节理解力不断加深，在汽车领域做深、做强的基础上，凭借市场美誉度着手新的市场开拓。公司先后成为上海市小巨人培育企业和上海市高新技术企业，研发团队曾多次获上海市科技进步二等奖及三等奖，同时是上海市工业机器人协会的会员单位，上海市机器人学会副理事长单位。,kelai.jidian@sh-kelai.com,"主要产品:柔性自动化生产线与工业机器人系统.主要业务:现代机电智能装备,工业机器人系统集成的研究,开发,制造.",谈士力,上海,26094.45,曹卫红,20030530,www.sh-kelai.com,克来机电,2019,SHSE,SHSE,工业制品,31070,-,特种工业机械,31070020,8249801000,23.13,-31.42,¥31.77,工业,310,0.29,753200,35362700,6.21,10000.0,753200,6.21,6.21,1.0,54.0,31.12,42.5,-25.25,2020-12-31T05:00:00Z,{1_trade_buy},{trade_buy},2020Q4_1748953
300073,2020Q4_1748899,北京市丰台区南四环西路188号总部基地18区21号,生产锂离子电池正极材料、电子粉体材料和新型金属材料、非金属材料及其他新材料；研究开发、销售锂离子电池正极材料、电子粉体材料和新型金属材料、非金属材料及其他新材料、计算机、软件及辅助设备；技术咨询、技术服务，技术推广服务；租赁模切机械设备；组装计算机软、硬件及自动化产品机；货物进出口(涉及配额许可证、国营贸易、专项规定管理的商品按照国家有关规定办理)。(企业依法自主选择经营项目，开展经营活动；依法须经批准的项目，经相关部门批准后依批准的内容开展经营活动；不得从事本市产业政策禁止和限制类项目的经营活动。),陈彦彬,北京市,公司是一家新能源材料研发和生产的北京市高新技术企业，国内锂电正极材料的龙头企业，主要从事钴酸锂、多元材料及锰酸锂等小型锂电、动力锂电正极材料的研发、生产和销售。公司在湿法和火法两项技术方面的集成创新能力使得公司成为国内外少数几家能快速推出系列化多元材料的公司之一，部分锂电正极材料产品的质量达到了国际先进水平。公司是国内率先出口锂电正极材料的供应商，国际前6大锂电巨头中拥有5家客户，包括三星SDI、LG化学、三洋能源、深圳比克和比亚迪等。此外，在电子陶瓷业，氧化钴、氧化铋的市场份额连续多年在国内居于领先地位。,securities@easpring.com,"本公司的主营业务属于新能源材料领域,主要从事钴酸锂,多元材料及锰酸锂等小型锂电,动力锂电正极材料的研发,生产和销售业务.公司主要产品是小型锂电,动力锂电正极材料,包括钴酸锂,多元材料,锰酸锂三个系列.",陈彦彬,北京,45362.05,邹纯格,19980603,www.easpring.com.cn,当升科技,0,SZSE,SZSE,工业制品,31070,-,电子器械和零件,31070060,34359460000,62.77,21.58,¥74.06,工业,310,0.1,459800,29818000,5.24,10000.0,459800,5.24,5.24,1.0,64.85,30.85,44.57,66.17,2020-12-31T05:00:00Z,{1_trade_buy},{trade_buy},2020Q4_1748899
600438,2020Q4_1748938,四川省成都市高新区天府大道中段588号“通威国际中心”,饲料加工；水产品加工；屠宰及肉类加工；食品制造业；兽用药品制造；农林牧渔专用机械制造；化学原料和化学制品制造业；光伏设备及元器件制造；电池制造；燃气、太阳能及类似能源家用器具制造；计算机制造；非金属矿物制品业；(以上经营项目仅限分支机构经营)渔业、畜牧业；畜牧服务业、渔业服务业；兽药经营；太阳能发电；电力供应；电气安装；工程设计；科技推广和应用服务业；废弃资源综合利用业；环境治理业；商品批发和零售；租赁业和商业服务业；进出口业；互联网信息服务。,谢毅,成都市,公司以饲料工业为主，同时涉足水产研究、水产养殖、动物保健、食品加工等相关领域的大型农业科技型上市公司，系农业产业化国家重点龙头企业。公司发展农业和新能源两大主业，其中农业主业以饲料工业为核心，全力延伸和完善水产及畜禽产业链条。同时，在新能源主业方面，公司已成为拥有从上游高纯晶硅生产、中游高效太阳能电池片生产、到终端光伏电站建设的垂直一体化光伏企业，已形成拥有自主知识产权的完整光伏新能源产业链条，并成为中国乃至全球光伏新能源产业发展的核心参与者和主要推动力量。近年来，并先后获得“中国驰名商标”、“中国名牌”等多项殊荣。,zqb@tongwei.com;yank@tongwei.com;lihy05@tongwei.com,"水产饲料,畜禽饲料等的研究,生产和销售,多晶硅,太阳能电池的研发,生产,销售",郭异忠,四川,450154.82,严轲,19951208,www.tongwei.com.cn,通威股份,2016,SHSE,SHSE,农副加工食品,20525,-,农产品,20525020,179058444000,25.99,5.8,¥38.77,非周期性消费,205,0.01,657600,25278100,4.44,10000.0,657600,4.44,4.44,1.0,40.58,19.01,27.52,40.88,2020-12-31T05:00:00Z,{1_trade_buy},{trade_buy},2020Q4_1748938
601888,2020Q4_1748945,北京市东城区东直门外小街甲2号A座8层,旅游服务及旅游商品相关项目的投资与管理，旅游服务配套设施的开发、改造与经营，旅游产业研究与咨询服务等。,彭辉,北京市,公司所属行业为旅游业，目前主要从事旅行社业务和免税业务，其中旅行社业务主要包括入境游、出境游、国内游、会奖旅游、签证服务、商旅服务、航空服务、电子商务等业务；免税业务主要包括烟酒、香化等免税商品的批发、零售等业务。此外，公司还从事旅游综合项目开发业务，主要包括旅游综合项目投资开发、旅游景区景点投资开发和旅游股权投资等业务。公司下属全资子公司国旅总社、中免公司及国旅投资公司分别负责公司的旅行社业务、免税业务、旅游综合项目投资开发业务。,citszq@citsgroup.com.cn,旅行社业务和免税业务.,陈国强,北京,195247.55,常筑军,20080328,www.citsgroup.net,中国中免,2011,SHSE,SHSE,旅游和娱乐,10290,-,旅游服务,10290050,554230378000,1.01,1.23,¥275.18,周期性消费,102,0.0,56500,15958400,2.8,10000.0,56500,2.8,2.8,1.0,282.45,166.14,207.58,32.57,2020-12-31T05:00:00Z,{1_trade_buy},{trade_buy},2020Q4_1748945
603185,2020Q4_1748947,江苏省无锡市滨湖区雪浪街道南湖中路158号,数控机床、通用机床、自动化控制设备、检测设备、金属结构件、机床零部件及配件的制造、加工、销售；五金加工；数控软件的开发；自营和代理各类商品及技术的进出口业务(国家限定企业经营或禁止进出口的商品和技术除外)。(依法须经批准的项目，经相关部门批准后方可开展经营活动),杨建良,无锡市,公司是国内首家为开发太阳能硅片配套的专用数控磨床、专用倒角机和切断锯床的企业。主营业务为各类精密数控机床、通用机床的研发、设计、制造、销售和服务。公司主要产品有缝纫机曲轴磨床、轧辊磨床、光伏专用平面磨床、数控金刚石带锯床、数控轧辊磨床等产品，并承接各种类型的非标专用磨床、大型、重型磨床的设计和制造。公司通过了ISO9001：2000质量管理体系认证，ISO14001：2004环境管理体系认证，产品被评为“江苏省高新技术产品、，江苏省名牌产品”。工厂被评为无锡市重合同守信用企业、无锡市高新技术企业、江苏省民营科技企业、国家级高新技术企业。,wxsjzqb@163.com,"公司定位于高端智能化装备制造领域,是一家专业从事精密机床的研发,生产和销售的高新技术企业.根据产品类别和应用领域的划分,公司产品分为高硬脆材料专用加工设备和通用磨床设备两大类别.作为国内领先的高硬脆材料专用加工设备供应商,公司产品涵盖了高硬脆材料开方,截断,磨面,滚圆,倒角,切片等核心加工步骤,主要应用于光伏,蓝宝石等领域.此外,公司产品还包括通用磨床设备,广泛应用于汽车,航空,船舶,家电,冶金,模具等行业的机械加工.",杨建良,江苏,27525.37,庄柯杰,20020928,www.wuxisj.com,上机数控,2019,SHSE,SHSE,工业制品,31070,-,特种工业机械,31070020,66608140000,102.67,76.48,¥238.80,工业,310,0.04,110600,15312600,2.69,10000.0,110600,2.69,2.69,1.0,152.2,49.2,79.31,201.1,2020-12-31T05:00:00Z,{1_trade_buy},{trade_buy},2020Q4_1748947
601689,2020Q4_1748944,浙江省宁波市北仑区大碶街道育王山路268号,一般项目：汽车零部件研发；汽车零部件及配件制造；汽车零配件批发；合成纤维制造；合成纤维销售；产业用纺织制成品制造；产业用纺织制成品销售；模具制造；模具销售；专用设备制造(不含许可类专业设备制造)；机械设备销售。(除依法须经批准的项目外，凭营业执照依法自主开展经营活动)许可项目：货物进出口。(依法须经批准的项目，经相关部门批准后方可开展经营活动，具体经营项目以相关部门批准文件或许可证件为准),邬建树,宁波市,公司主要从事汽车NVH(即减震降噪及舒适性控制)领域橡胶减震产品和隔音产品的研发、生产与销售，致力于消除来自于汽车动力总成、路面及空气的振动与噪声，提升整车的舒适性及平顺性。公司在汽车NVH领域的技术及研发水平位居国内前列，是国内为数不多的具备整车同步研发能力的NVH零部件供应商之一，也是国内较早进入全球整车配套零部件采购体系的自主品牌汽车零部件生产企业。近年来，公司凭借一流的研发能力、生产工艺及制造水平已逐步获得国际汽车界的认可，先后进入通用汽车、克莱斯勒、奥迪、宝马等知名汽车制造商的全球研发体系及零部件采购体系，逐渐成长为面向国际、国内两个市场，专业化和规模化的汽车NVH零部件系统集成供应商。公司的同步研发及系统集成能力符合世界知名整车制造商全球采购的技术指标，具有较强的国际竞争力。研发中心被认定为“宁波市企业工程(技术)中心”，“省级高新技术企业研究开发中心”，研发中心下设的“产品测试中心”符合ISO/IEC17025实验室检测能力标准，成为“国家级测试中心”。,tuopu@tuopu.com;wmz@tuopu.com;gyc@tuopu.com,"本公司主要从事汽车NVH(即减震降噪及舒适性控制)领域橡胶减震产品和隔音产品的研发,生产与销售,致力于消除来自于汽车动力总成,路面及空气的振动与噪声,提升整车的舒适性及平顺性.公司产品包括汽车橡胶减震产品和隔音产品两大类,划分为悬置,扭震,衬套和汽车隔音件等四大系列,共3,000多个品种.",王斌,浙江,110204.66,王明臻,20040422,www.tuopu.com,拓普集团,2020,SHSE,SHSE,汽车和配件,10200,-,汽车配件,10200030,36125060000,-4.71,-14.2,¥32.60,周期性消费,102,0.03,371200,14265200,2.51,10000.0,371200,2.51,2.51,1.0,43.29,32.5,37.82,-13.8,2020-12-31T05:00:00Z,{1_trade_buy},{trade_buy},2020Q4_1748944
000001,2020Q4_1748879,"广东省深圳市罗湖区深南东路5047号,中国广东省深圳市福田区益田路5023号平安金融中心B座",(一)吸收公众存款；(二)发放短期、中期和长期贷款；(三)办理国内外结算；(四)办理票据承兑与贴现；(五)发行金融债券；(六)代理发行、代理兑付、承销政府债券；(七)买卖政府债券、金融债券；(八)从事同业拆借；(九)买卖、代理买卖外汇；(十)从事银行卡业务；(十一)提供信用证服务及担保；(十二)代理收付款项及代理保险业务；(十三)提供保管箱服务；(十四)结汇、售汇业务；(十五)离岸银行业务；(十六)资产托管业务；(十七)办理黄金业务；(十八)财务顾问、资信调查、咨询、见证业务；(十九)经有关监管机构批准的其他业务。,谢永林,深圳市,公司是深圳发展银行股份有限公司以吸收合并原平安银行股份有限公司的方式完成两行整合并更名后的银行，是全国性股份制商业银行。公司自2016年开始全面向零售银行转型，全力打造智能化零售银行，大力推进精品公司银行双轻化.综合金融是公司的特色优势，公司依托庞大的个人客户基础、强大的品牌影响力、广泛的分销网络和完备的综合金融产品体系，为全面推进零售转型、打造领先的智能化零售银行提供了强大的核心竞争力支持。在对公业务领域，公司利用大数据技术打造领先的中小企业数据征信平台，利用先进的IT系统打造橙e网、行E通、黄金银行等传统业务的新优势，提升对公司客户的数字化服务能力。,PAB_db@pingan.com.cn,"主要业务:贷款,拆借,存放等同业业务,债券投资.",胡跃飞,广东,1940591.82,周强,19871222,bank.pingan.com,平安银行,0,SZSE,SZSE,银行,10320,-,区域性银行,10320020,417991903000,7.18,12.67,¥21.33,金融服务,103,0.0,627800,12141700,2.13,10000.0,627800,2.13,2.13,1.0,20.05,13.22,16.38,30.22,2020-12-31T05:00:00Z,{1_trade_buy},{trade_buy},2020Q4_1748879
002833,2020Q4_1748891,广东省广州市黄埔区云埔工业区云开路3号,木材加工机械制造；金属结构制造；工业自动控制系统装置制造；通用机械设备销售；电子产品批发；软件开发；货物进出口(专营专控商品除外)；技术进出口；自有房地产经营活动。,李茂洪,广州市,公司自设立以来专注于板式家具机械设备的研发、生产和销售，通过对木工机械这一传统行业中的产品技术创新和经营模式创新得到快速发展，在技术研发能力、产品质量控制、品牌影响力、成本控制等方面形成了较强的竞争优势，公司连续多年在行业内综合竞争力评估中名列前茅。公司所在行业正处于国内产业集中度低、优势企业快速成长的阶段，行业未来发展面临着良好的政策环境和广阔的市场前景，公司将继续提升核心竞争优势，推进公司持续稳健发展。,investor@kdtmac.com,"主营业务为数控板式家具机械设备的研发,生产和销售.其中自动封边机,数控裁板锯,自动多排钻和木材加工中心等产品是公司的核心产品.",李茂洪,广东,30302.0,许丽君,20061117,www.kdtmac.com,弘亚数控,2019,SZSE,SZSE,工业制品,31070,-,特种工业机械,31070020,10216578000,-1.57,11.15,¥34.43,工业,310,0.12,370300,11525100,2.02,10000.0,370300,2.02,2.02,1.4,37.32,17.97,28.67,20.09,2020-12-31T05:00:00Z,{1_trade_buy},{trade_buy},2020Q4_1748891
600486,2020Q4_1748939,江苏省扬州市文峰路39号,司经营范围：许可经营项目：农药的制造、加工(按批准证书、生产许可证经营)；一般经营项目：精细化工产品的制造、加工，精细化工产品、农药的技术开发、应用服务，自营和代理各类商品及技术的进出口。,覃衡德,扬州市,公司为国家重点高新技术企业，中国拟除虫菊酯类农药生产基地，全国化工企业环境保护先进单位。公司积极发展环境友好型农药，现拥有省拟除虫菊酯类农药工程研究中心、省农药清洁生产技术重点实验室、全国农药标准化技术委员会拟除虫菊酯工作组等创新平台。公司以振兴民族菊酯工业为己任，坚持自主创新，实施名牌战略，积极推进我国农药产业结构升级。现已形成以菊酯为核心，农药为主导，精细化学品为补充的多元化产品格局。“墨菊”被认定为“江苏省重点培育和发展的国际知名品牌”，入选“江苏省双百品牌”产品，子公司获得“绿色工厂”称号。,stockcom@yngf.com;yngf@yngf.com,"主要产品:卫生用菊酯,农用菊酯.",吴孝举,江苏,30989.89,吴孝举,19991210,www.yngf.com,扬农化工,2020,SHSE,SHSE,农业,10110,-,农业,10110010,35180183000,-1.33,-12.6,¥110.75,基础材料,101,0.02,72600,9583200,1.68,10000.0,72600,1.68,1.68,1.0,132.0,80.0,98.75,12.15,2020-12-31T05:00:00Z,{1_trade_buy},{trade_buy},2020Q4_1748939
600570,2020Q4_1748941,浙江省杭州市滨江区江南大道3588号恒生大厦,计算机软件的技术开发、咨询、服务、成果转让；计算机系统集成；自动化控制工程设计、承包、安装；计算机及配件的销售；电子设备、通讯设备、计算机硬件及外部设备的生产、销售；自有房屋的租赁；本企业自产产品及技术的出口业务：经营本企业生产、科研所需的原辅材料、机械设备、仪器仪表、零配件及技术的进口业务(国家限定公司经营和国家禁止进出口的商品及技术除外)；经营进料加工和“三来一补”业务。经政府有关部门批准并办理工商登记手续，公司可另开设业务发展所需的投资与经营项目，扩大经营范围。,彭政纲,杭州市,公司是中国领先的金融软件和网络服务供应商。公司聚焦于财富资产管理，致力于为证券、期货、基金、信托、保险、银行、交易所、私募等机构提供整体的解决方案和服务，为个人投资者提供财富管理工具。多年来，公司以技术服务为核心，凭借多年金融IT建设经验，以及对互联网的深刻洞察和理解，用优质的产品与服务，驱动金融机构创新发展。同时，公司还积极履行企业社会责任，在投资者教育、扶贫济困、关爱自闭症儿童等领域持续贡献力量，实现企业与社会共同可持续发展。,investor@hundsun.com,"主要产品:软件及服务,系统集成,硬件销售.",刘曙峰,浙江,80314.67,童晨晖,20001213,www.hundsun.com,恒生电子,2017,SHSE,SHSE,软件,31110,-,软件应用,31110020,90414390000,4.62,-17.54,¥63.16,科技,311,0.01,87700,9196400,1.62,10000.0,87700,1.62,1.62,1.0,120.5,85.41,100.39,-37.09,2020-12-31T05:00:00Z,{1_trade_buy},{trade_buy},2020Q4_1748941
601899,2020Q4_1748946,"福建省上杭县紫金大道1号,福建省厦门市思明区环岛东路1811号中航紫金广场B塔",矿产资源勘查；金矿采选；金冶炼；铜矿采选；铜冶炼；信息系统集成服务；信息技术咨询服务；珠宝首饰、工艺美术品、矿产品、机械设备、化工产品(不含危险化学品及易制毒化学品)的销售；水力发电；对采矿业、酒店业、建筑业的投资；对外贸易；普通货物道路运输活动；危险货物道路运输活动。铜矿金矿露天开采、铜矿地下开采；矿山工程技术、矿山机械、冶金专用设备研发；矿山机械、冶金专用设备制造；旅游饭店(仅限于分支机构)。(依法须经批准的项目，经相关部门批准后方可开展经营活动),陈景河,龙岩市,公司是一家以金、铜、锌等金属矿产资源勘查和开发为主的大型矿业集团，目前形成了以金、铜、锌等金属为主的产品格局，投资项目分布在国内24个省(自治区)和加拿大、澳大利亚、巴布亚新几内亚、俄罗斯、塔吉克斯坦、吉尔吉斯斯坦、南非、刚果(金)、秘鲁等9个国家。公司是中国控制金属矿产资源最多的企业之一，公司在地质勘查、湿法冶金、低品位难处理矿产资源综合回收利用、大规模工程化开发以及能耗指标等方面居行业领先地位。公司拥有中国黄金行业唯一的国家重点实验室，以及国家级企业技术中心、院士专家工作站等一批高层次的科研平台，拥有一批适用性强、产业化水平高、经济效益显著的自主知识产权和科研成果。公司还与福州大学共同创办紫金矿业学院，为中国和世界培养优秀矿业人才。公司本部及部分权属企业获得国家高新技术企业资格。,dsh@zjky.cn;zheng_youcheng@zijinmining.com;zy@zijinmining.com,"以黄金为主导产业的矿产资源的勘探,采矿,选矿,冶炼及矿产品销售.",邹来昌,福建,254597.01,郑友诚,20000906,www.zjky.cn,紫金矿业,2016,SHSE,SHSE,金属与开采,10150,-,金,10150040,257306959000,-0.59,9.26,¥9.99,基础材料,101,0.0,945500,8783700,1.54,10000.0,945500,1.54,1.54,1.0,9.44,4.62,7.13,40.11,2020-12-31T05:00:00Z,{1_trade_buy},{trade_buy},2020Q4_1748946
600258,2020Q4_1748936,北京市西城区复兴门内大街51号,项目投资与管理；饭店经营与管理；物业管理；出租商业用房；旅游服务；旅游产品开发、销售；出租汽车客运；信息咨询；承办展览展示活动；餐饮服务；设计、制作、代理、发布国内及外商来华广告；信息咨询；技术开发、技术服务、技术咨询。餐饮服务(含凉菜、含裱花蛋糕、含生食海鲜产品)；住宿；酒吧；洗衣服务；零售卷烟、雪茄烟；零售、出租音像制品；销售食品、书刊、二类普通诊察器械(不含未经行业主管部门批准的)、医用橡胶制品；公开发行的国内书刊；戏剧表演、接待文艺演出；健身；棋；牌；台球；保龄球；旅游接洽；代客订购车票、文艺票；出租自行车、三轮车；复印、旅游信息咨询；国内航线除中国香港、中国澳门、中国台湾地区航线外的航空客运销售代理业务；销售百货、工艺美术品、日用品、服装鞋帽、针纺织品、字画、装饰材料、包装食品、五金交电、民用建材、汽车配件；接受委托从事物业管理(含出租写字间)；机动车公共停车场服务；举办展览；美术装饰；展品储存；为举办展览提供服务；会议服务、会议租场；保洁服务；家居装饰。,白凡,北京市,公司是一家领先的、具有市场规模较为突出优势的酒店集团公司，专注于经济连锁型及中高端酒店的投资与运营管理，并兼有景区经营业务。公司酒店业务包括酒店运营和酒店管理两种模式。第一，酒店运营模式主要指通过租赁物业来经营酒店，公司通过向顾客提供住宿及相关服务取得收入，并承担酒店房屋租金，装修及运营过程中的管理、维护、运营费用及相关税费后实现盈利。第二，酒店管理业务包括品牌加盟、输出管理和其他特许业务。对于景区业务，公司海南南山景区运营主要通过景区的门票、餐饮、商品、住宿、园区内交通等获得收入利润。公司拥有强大的信息化系统，面客系统、运营系统和支持系统分别应用服务、经营和管理，并作持续地改进和研发，为连锁酒店的高效管理和服务效率提供强大的IT工具支撑。公司本着“产品全系列”、“信息全覆盖”、“会员全流通”、“价值全方位”的目标，会员权益全面贯通，“如旅随行”的移动端规划、设计实施已迈向新高度。未来公司仍将以住宿为核心，充分利用自身品牌、规模、资源、平台、技术优势，继续加大资源整合力度，提高经营效率、效益，优化、改造服务和产品，践行中国服务，不忘初心地实践，牢牢把握住酒店行业内核。,dzpxx@sohu.com;stock@btghg.com;lixin@btghotels.com,"主营业务:经济连锁型及中高端酒店的投资与运营管理,并兼有景区经营业务.",孙坚,北京,98771.55,段中鹏,19990212,www.bthhotels.com,首旅酒店,2020,SHSE,SHSE,旅游和娱乐,10290,-,寄宿,10290030,22786109000,-14.34,6.13,¥23.51,周期性消费,102,0.03,317000,6726700,1.18,10000.0,317000,1.18,1.18,1.0,25.44,15.8,20.9,12.49,2020-12-31T05:00:00Z,{1_trade_buy},{trade_buy},2020Q4_1748936
603786,2020Q4_1748951,中国(上海)自由贸易试验区祖冲之路2388号1-2幢,汽车电子产品的研发、生产、销售，电子控制单元和系统及相关产品的研发、销售，电子设备及机械设备的研发、销售，电子元器件的销售，提供相关技术的技术咨询、技术服务、技术转让，从事货物与技术的进出口，自有房屋租赁。【依法须经批准的项目，经相关部门批准后方可开展经营活动】,柯桂华,上海市,公司是汽车智能、节能电子部件的系统方案提供商，立足全球汽车产业平台并全面参与全球高端市场的竞争，专注汽车电子及相关产品在智能领域的技术创新与产业化，致力成为全球汽车电子高端产业链中富于创新和竞争力的卓越企业，公司是少数几家进入国际知名整车厂商全球配套体系，同步开发汽车电子部件的中国本土公司。公司终端用户主要包括大众集团(包括其下属子公司奥迪公司、保时捷汽车、宾利汽车和兰博基尼汽车)、戴姆勒、捷豹路虎、一汽集团及上汽大众等数十家全球知名整车厂商，且部分新产品已进入福特汽车、宝马汽车、雷诺汽车的供应商体系，在全球汽车电子尤其是汽车照明电子领域中享有较高的知名度。,keboda@keboda.com,"专注于汽车照明控制系统,电机控制系统,能源管理系统和车载电器与电子等汽车电子相关产品的研发,生产和销售,拥有主光源控制器,辅助光源控制器,氛围灯控制器,中小型电机控制系统,机电一体化,DC/DC转换模块,DC/AC逆变器,电磁阀等多类产品.",柯桂华,上海,40010.0,谢明东,20030912,www.keboda.com,科博达,0,SHSE,SHSE,汽车和配件,10200,-,汽车配件,10200030,26055104000,-3.43,-2.06,¥65.07,周期性消费,102,0.02,97700,6605100,1.16,10000.0,97700,1.16,1.16,1.0,80.28,63.29,71.71,-9.26,2020-12-31T05:00:00Z,{1_trade_buy},{trade_buy},2020Q4_1748951
000651,2020Q4_1748880,广东省珠海市前山金鸡西路,货物、技术的进出口；研发、制造、销售：泵、阀门、压缩机及类似机械，风机、包装设备等通用设备；电机、输配电及控制设备；电线、电缆、光缆及电工器材；家用制冷电器具，家用空气调节器及相关零部件；中央空调、制冷、空调设备、洁净空调、采暖设备、通风设备；空气源热泵热风机、热泵热水机、空调热水一体产品、燃气采暖热水炉设备、燃气供暖热水设备、热能节能设备、机电设备产品及相关零部件；新风及新风除霾设备；通讯终端设备及相关零部件；气体，液体分离及纯净设备及相关零部件；消毒器械；医疗器械、实验室设备；家用清洁卫生电器具、家用厨房电器具、家用通风电器具、其它家用电力器具及相关零部件；厨房用具、不锈钢制品、日用五金；炊具及配件、餐具及配件技术；建筑机电设备安装工程、泳池水处理、中央热水工程；新能源发电产品、储能系统及充电桩；电源、变流器、逆变器电力产品；直流电器及设备；节能产品、照明灯具制造、节能工程；电工仪器仪表；工业自动控制系统装置；能源信息集成管理系统；销售、安装及维护：中央空调、制冷、空调设备、洁净空调、采暖设备、通风设备；空气源热泵热风机、热泵热水机、空调热水一体产品、燃气采暖热水炉设备、燃气供暖热水设备、热能节能设备、新,董明珠,珠海市,公司成立初期，主要依靠组装生产家用空调，现已发展成为多元化的工业集团，产业覆盖空调、高端装备、生活品类、通信设备等领域，产品远销160多个国家和地区。公司拥有国家重点实验室、国家工程技术研究中心、国家级工业设计中心、国家认定企业技术中心、机器人工程技术研发中心各1个，同时成为国家通报咨询中心研究评议基地。公司加快推进产业布局转型升级，2013年起，相继进军智能装备、通信设备、模具等领域，目前格力智能装备已为家电、汽车、食品、3C数码、建材卫浴等众多行业提供服务，格力已经从专业的空调生产企业迈入多元化的高端技术产业时代。,gree@gree.com.cn;gree0651@cn.gree.com,主要产品:空气调节器.,董明珠,广东,601573.09,邓晓博,19891213,www.gree.com.cn,格力电器,2019,SZSE,SZSE,硬件,31120,-,消费类电子产品,31120030,297719135000,-18.32,-20.05,¥49.97,科技,311,0.0,101400,6282800,1.1,10000.0,101400,1.1,1.1,1.0,69.53,54.71,62.52,-20.07,2020-12-31T05:00:00Z,{1_trade_buy},{trade_buy},2020Q4_1748880
600660,2020Q4_1748942,福建省福州市福清市福耀工业村II区,生产汽车玻璃，装饰玻璃和其它工业技术玻璃及玻璃安装，售后服务；开发和生产经营特种优质浮法玻璃，包括超薄玻璃、薄玻璃、透明玻璃、着色彩色玻璃；并统一协调管理集团内各成员公司的经营活动和代购代销成员公司的原辅材料和产品；协助所属企业招聘人员、提供技术培训及咨询等有关业务；生产玻璃塑胶包边总成，塑料、橡胶制品；包装木料加工；纸箱、纸板、铁架、可循环使用的包装金属支撑架、包装托盘等玻璃安装用的材料的销售。国家禁止外商投资的行业除外，国家限制外商投资的行业或有特殊规定的，须依法履行相关程序。(涉及审批许可项目的，只允许在审批许可的范围和有效期限内从事生产经营)。,曹德旺,福州市,公司是一家专注于汽车玻璃生产的供应商，主要从事浮法玻璃及汽车用玻璃制品的生产及销售，产品不但配套国内汽车品牌，更已成为德国奥迪、德国大众、南韩现代、澳大利亚Holden、日本铃木、日本三菱、捷克途胜的合格供应商，并批量供货。公司是“国家认定企业技术中心”，是国家知识产权局授牌“专利工作交流站”，是国家科技部、中华全国总工会确认的“全国第三批创新型试点企业”。,600660@fuyaogroup.com,主营业务:从事浮法玻璃及汽车用玻璃制品的生产及销售.,叶舒,福建,260974.35,李小溪,19920621,www.fuyaogroup.com,XD福耀玻,2019,SHSE,SHSE,汽车和配件,10200,-,汽车配件,10200030,127822001000,16.86,7.74,¥51.71,周期性消费,102,0.0,128600,6179200,1.09,10000.0,128600,1.09,1.09,1.0,48.05,21.56,33.27,55.43,2020-12-31T05:00:00Z,{1_trade_buy},{trade_buy},2020Q4_1748942
600845,2020Q4_1748943,上海市浦东新区自由贸易试验区郭守敬路515号,计算机、自动化、网络通讯系统及软硬件产品的研究、设计、开发、制造、集成，及相应的外包、维修、咨询等服务。智能交通、智能建筑、机电一体化系统及产品的研究、设计、开发、制造，销售相关产品。机电设备、仪器仪表类产品的批发进出口及相关服务，转口贸易。不间断电源、蓄电池、精密空调产品的研究、设计、开发、制造，销售相关产品。公共安全防范工程及信息系统安全工程的设计、施工和维修。在线信息与数据检索、第一类增值电信业务中的因特网数据中心业务、第二类增值电信业务中的信息服务业务(不含固定网电话信息服务)。(涉及许可经营的凭许可证经营)。,夏雪松,上海市,"公司系宝钢股份控股的上市软件企业。历经多年发展,公司在推动信息化与工业化深度融合、支撑中国制造企业发展方式转变、提升城市智能化水平等方面作出了突出的贡献，成为中国领先的工业软件行业应用解决方案和服务提供商。公司产品与服务业绩遍及钢铁、交通、医药、有色、化工、装备制造、金融、公共服务、水利水务等多个行业。公司紧紧围绕“互联网+”、“中国制造2025”等国家战略，致力于推动新一代信息技术与制造技术融合发展，引领中国工业化与信息化的深度融合，促进制造企业从信息化、自动化向智慧制造迈进；同时，公司还持续强化智慧城市相关领域的开拓，在智能交通、智慧楼宇、公共服务等领域也拥有强大实力，努力推动智慧城市创新。",investor@baosight.com,"主要从事计算机,自动化,网络通讯系统及软硬件产品的研究,设计,开发,制造,集成,及相应的外包,维修,咨询等服务;主要产品和提供的劳务为软件开发,服务外包,系统集成,工程设计及智能交通,属软件和信息技术服务业.",王剑虎,上海,150254.24,吕子男,19940815,www.baosight.com,宝信软件,2016,SHSE,SHSE,软件,31110,-,软件应用,31110020,76043170000,26.76,12.48,¥59.96,科技,311,0.01,90610,4807900,0.84,10000.0,90610,0.84,0.84,1.3,58.11,46.06,49.36,21.47,2020-12-31T05:00:00Z,{1_trade_buy},{trade_buy},2020Q4_1748943
603267,2020Q4_1748948,北京市大兴区中关村科技园区大兴生物医药产业基地天贵街1号,电子元器件生产；生产电子专用材料、电子电路、电力电子元器件(限在外阜从事生产活动)；销售电子元器件、电子产品、电子专用材料、电子电路、电力电子元器件；电子产品、电子材料检测服务；技术咨询；技术服务；技术开发；技术转让；货物进出口；代理进出口。(市场主体依法自主选择经营项目，开展经营活动；依法须经批准的项目，经相关部门批准后依批准的内容开展经营活动；不得从事国家和本市产业政策禁止和限制类项目的经营活动。),郑红,北京市,公司是国家级高新技术企业，以研发、生产、经营电容器等电子元器件为主营业务。公司总部设在北京，下属13个分支机构遍布全国11个省市。现拥有员工400人，年销售额近5亿元，连续多年保持高速增长。过20年的发展，公司现已拥有两条世界最先进的生产线和一个瓷料研究中心，能够进行高品质多层瓷介电容器的自主研发和生产；拥有一支由博士、硕士、归国留学人员、行业资深专家组成的专业研发团队，并与清华大学等高校进行产学研合作；拥有20余项国家专利；拥有4个与科研院所、高等院校共同成立的联合实验室，与4家重点客户签订战略合作伙伴协议，在多层瓷介电容器的研究和应用上进行多方位合作。,603267@yldz.com.cn,"公司主营业务为以多层瓷介电容器(MLCC)为主的电子元器件的技术研发,产品生产和销售,包括自产业务和代理业务两大类.公司自产业务的主要产品包括片式多层瓷介电容器,有引线多层瓷介电容器,金属支架多层瓷介电容器以及直流滤波器等.公司产品广泛应用于航天,航空,船舶,兵器,电子信息,轨道交通,新能源等行业,满足军工及民用高端工程对产品的技术要求和应用需求.",刘辰,北京,23240.4,邢杰,20011206,www.yldz.com.cn,鸿远电子,2020,SHSE,SHSE,硬件,31120,-,电子元件,31120040,33547820000,13.76,10.94,¥148.70,科技,311,0.01,34300,4416500,0.78,10000.0,34300,0.78,0.78,1.0,128.76,43.49,80.33,85.11,2020-12-31T05:00:00Z,{1_trade_buy},{trade_buy},2020Q4_1748948
600529,2020Q4_1748940,山东省淄博市沂源县城,药品包装材料和容器的生产、销售(凭注册证或公示的药包材登记号经营)；许可证范围内医疗器械生产、销售；日用玻璃制品的生产、销售；玻璃包装容器的生产、加工和销售；纸箱加工、销售；玻璃生产专用设备的生产、销售；汽车货运；批准范围的进出口业务；成品油零售；包装装潢印刷品印刷。,扈永刚,淄博市,"公司以医药、食品、日用品行业为服务对象，生产各种药用、食品、日用品包装材料,产品市场覆盖32个省、市、自治区，并远销欧、美、俄、日、韩、东南亚等60多个国家和地区，每年为制药、食品、化妆工业提供百亿支各种规格的包装产品，这些产品中有模制抗生素瓶系列产品、管制瓶系列产品、棕色瓶系列产品、中性硼硅玻璃系列产品、输液瓶系列产品、日化瓶系列产品、食品瓶系列产品、丁基橡胶塞系列产品、预灌封注射器系列产品、铝塑盖系列产品、塑料瓶系列产品等，适用于制药工业粉针、水针、输液、口服液、冻干、生物制剂、片剂等不同药品制剂及食品、化妆品的包装需要。其中公司的主导产品模制抗生素瓶销往国内外各制药企业，与上药集团、广药集团、哈药集团、华北制药集团、东瑞制药、辉瑞制药、中美上海施贵宝等1200多家中外制药厂家建立了长期稳定的供货关系。公司已成为中国最大的医药玻璃专业制造商，生产规模位居亚洲前列。",sdyb@pharmglass.com,"主要产品:模制瓶,安瓿,管瓶,玻璃管,棕色瓶,丁基胶塞,塑料瓶,铝塑盖.",张军,山东,59496.77,赵海宝,19931108,www.pharmglass.com,山东药玻,2009,SHSE,SHSE,包装和容器,10250,-,包装和容器,10250010,20716681000,-9.13,-30.11,¥34.91,周期性消费,102,0.01,79900,4007000,0.7,10000.0,79900,0.7,0.7,1.0,52.76,40.89,46.62,-25.12,2020-12-31T05:00:00Z,{1_trade_buy},{trade_buy},2020Q4_1748940
688005,2020Q4_1748957,浙江省宁波市余姚市谭家岭东路39号,锂电池材料、锂电池及配件的研发、制造、加工；动力电池的研发及制造；自营和代理货物和技术的进出口，但国家限定经营或禁止进出口的货物和技术除外。(依法须经批准的项目，经相关部门批准后方可开展经营活动),白厚善,宁波市,公司是一家从事锂电池正极材料专业化研发与经营的跨国型集团公司。公司主要通过研发、制造与销售三元正极材料及其前驱体实现盈利。公司主要产品包括NCM523、NCM622、NCM811、NCA等系列三元正极材料及其前驱体，产品应用于该等客户前沿的高能量密度电池中，并主要用于新能源汽车、储能设备和电子产品等下游领域。公司三元正极材料产能处于国内第一梯队，主要客户包括宁德时代、比亚迪、LG化学、天津力神、孚能科技、比克动力等国内外知名大型锂电池厂商。公司具有国际领先的核心技术，是国内最早推出单晶NCM523、单晶NCM622的正极材料厂商之一，以及首家高镍NCM811大规模量产企业。公司的高镍产品率先通过国内外多家主流锂电池厂商的认证程序，在行业内形成了明显的先发优势和良好的市场口碑。,ir@ronbaymat.com,"主要从事锂电池正极材料及其前驱体的研发,生产和销售,主要产品包括NCM523,NCM622,NCM811,NCA等系列三元正极材料及其前驱体.三元正极材料主要用于锂电池的制造,并主要应用于新能源汽车动力电池,储能设备及电子产品等领域.",刘相烈,浙江,44738.34,张媛,20140918,www.ronbaymat.com,容百科技,0,SHSE,SHSE,硬件,31120,-,电子元件,31120040,58548195000,150.36,165.85,¥127.00,科技,311,0.02,75800,3905900,0.69,10000.0,75800,0.69,0.69,1.0,54.93,26.11,34.92,263.69,2020-12-31T05:00:00Z,{1_trade_buy},{trade_buy},2020Q4_1748957
688526,2020Q4_1748962,湖北省武汉市东湖新技术开发区高新二路419号,生物制品的开发、研制；动物传染病诊断咨询及技术服务；兽药生产、销售(凭许可证在核定期限内经营)；实验室仪器设备、化学生物试剂销售；货物进出口、技术进出口、代理进出口(不含国家禁止或限制进出口的货物或技术)。(依法须经批准的项目，经相关部门批准后方可开展经营活动)。,陈焕春,武汉市,公司是一家专注于兽用生物制品研发、生产、销售及动物防疫技术服务的生物医药企业。构建了兽用生物制品的完整产业链，完成了涵盖畜用疫苗、禽用疫苗、宠物疫苗等产品布局。目前可生产47个兽用生物制品类产品，也是国内少有的能同时提供猪伪狂犬病活疫苗和灭活疫苗的企业，能为生猪养殖企业提供猪伪狂犬病整套净化方案。以创始股东陈焕春院士、金梅林教授为首的160人自主研发技术团队，与华中农大、哈兽研等高校进行产学研合作。下游畜牧业发展带动疫苗需求增长，或使公司成为生猪产业生物安全防疫产品和技术服务的重要服务商。2017年销售收入在国内非国家强制免疫兽用生物制品、非国家强制免疫猪用生物制品市场中排名第二和第一。,wuhankqbio@kqbio.com,"兽用生物制品研发,生产,销售及动物防疫技术服务,主要产品是猪用疫苗和禽用疫苗.",陈慕琳,湖北,46500.0,陈慕琳,20010111,www.kqbio.com,科前生物,0,SHSE,SHSE,生物科技,20610,-,生物科技,20610010,15967734000,-12.28,-15.65,¥32.38,医疗保健,206,0.02,88800,3696100,0.65,10000.0,88800,0.65,0.65,1.0,49.7,30.71,41.74,-22.42,2020-12-31T05:00:00Z,{1_trade_buy},{trade_buy},2020Q4_1748962
603501,2020Q4_1748949,上海市浦东新区上科路88号东楼,集成电路、计算机软硬件的设计、开发、销售，商务信息咨询，从事货物及技术的进出口业务，自有房屋租赁(依法须经批准的项目，经相关部门批准后方可开展经营活动),王崧,上海市,公司是一家以自主研发、销售服务为主体的半导体器件设计和销售公司，主要从事设计、制造和销售应用于便携式电子产品、电视、电动车、电表、通信设备、网络设备、信息终端等领域的高性能集成电路，主要产品包括开关器件、信号放大器件、系统电源及控制方案、系统保护方案、电磁干扰滤波方案、分立器件。公司逐步引进大量人才，重点加强研发、品质等方面人才储备，同时建立了先进的可靠性实验室、EMC实验室，在产品的研发、试产、量产过程中，对产品质量层层把关，并为合作伙伴提供大量的EMC测试，在得到合作伙伴认可的同时，公司正逐步成为国际知名的半导体器件厂商。,Will_stock@ovt.corp.com,"主营业务:半导体分立器件和电源管理IC等半导体产品的研发设计,以及被动件(包括电阻,电容,电感等),结构器件,分立器件和IC等半导体产品的分销业务.,公司研发设计的半导体产品主要有分立器件(包括TVS,MOSFET,肖特基二极管等),电源管理IC(包括LDO,DC-DC,LED背光驱动,开关等),直播芯片和射频芯片等,公司代理分销的半导体产品主要有被动件(包括电阻,电容,电感等),结构器件,分立器件和IC等.",王崧,上海,86858.08,贾渊,20070515,www.omnivision-group.com,韦尔股份,2020,SHSE,SHSE,半导体,31130,-,半导体,31130020,273497810000,16.3,38.77,¥311.48,科技,311,0.0,14000,3235400,0.57,10000.0,14000,0.57,0.57,1.0,249.7,167.83,201.79,54.36,2020-12-31T05:00:00Z,{1_trade_buy},{trade_buy},2020Q4_1748949
600110,2020Q4_1748935,广东省深圳市福田区沙咀路8号绿景红树湾壹号A座16层,以自有资金对高新技术产业项目及其他相关项目进行投资；新材料、新能源产品的研发、生产与销售；铜箔及铜箔工业设备及锂离子电池材料生产、销售(易燃易爆及有毒化学危险品除外)(依法须经批准的项目，经相关部门批准后方可开展经营活动),陈立志,长春市,公司前身为中国科学院长春应用化学研究所于1987年创办的长春热缩材料厂，为国家级高新技术企业。1997年10月7日在上海交易所上市，成为中国科学院系统首家上市公司。经多年技术研发与市场积累，形成了公司的核心产业为锂离子电池基础材料电解铜箔的生产、销售，作为中国大陆第一家电解铜箔的生产商，公司自主研发生产的高档电解铜箔产品、动力电池材料等系列产品具备有较为明显的技术与成本优势，已经成为国内知名的新能源锂电池材料龙头供应商。诺德股份依托产业基础和实业优势，积极布局金融服务业，通过创新投融资模式和产品，推动产业链和供应链金融服务模式的转变。公司将积极把握产融结合的发展趋势及金融业的战略投资机会，努力打造并逐步形成金融投资控股平台。,IR@ndgf.net;zcb@ndgf.net,"主要产品:高档电解铜箔产品,动力电池材料等.主营业务:新材料,新能源产品的研发,生产与销售;铜箔及铜箔工业设备及锂离子电池材料生产,销售;高新技术产业项目的投资与管理;创新金融投资与经营;国内及进出口贸易.",许松青,吉林,139726.86,王寒朵,19890823,www.ndgf.net,诺德股份,0,SHSE,SHSE,工业制品,31070,-,电子器械和零件,31070060,21687342000,132.69,70.05,¥14.68,工业,310,0.02,311500,2881400,0.51,10000.0,311500,0.51,0.51,1.0,9.61,4.57,6.28,133.76,2020-12-31T05:00:00Z,{1_trade_buy},{trade_buy},2020Q4_1748935
688567,2020Q4_1748964,江西省赣州市经济技术开发区金岭西路北侧彩蝶路西侧,锂离子电池及模块系统、电池模块管理系统、充电系统等电动车储能及管理系统的研发、生产、销售；马达、驱动器、大功率POWERIC、电力电子元器件等驱动马达及控制模块的研发、生产、销售；电动车传动系统、电动空调系统、电动转向系统、电动刹车系统、发电系统、电力转换系统等电动车辅助系统的研发、生产、销售；及其他锂电池产品和相关产品的研发、生产、销售。锂电池正负极材料、电解液、隔膜纸等的研发、生产、销售；废旧锂电池的回收和再利用的研发、生产、销售。(依法须经批准的项目，经相关部门批准后方可开展经营活动),王瑀,赣州市,"公司是全球动力电池技术发展的引领者，是新能源汽车动力电池系统整体技术方案的提供商，也是高性能动力电池系统的生产商，一直专注于新能源车用锂离子动力电池及整车电池系统的研发、生产和销售，并为新能源汽车整车企业提供动力电池整体解决方案，目前已成为全球三元软包动力电池的领军企业之一,公司研发团队长期与全球锂离子动力电池行业科研院所、知名企业、顶尖专家展开战略合作，合作单位包括美国阿贡国家实验室、美国伯克利劳伦斯国家实验室、巴斯夫、杜邦、3M公司等，合作专家包括全球最具影响力的锂离子动力电池行业顶尖专家Michael M.Thackeray、Jeff Dahn等。通过整合全球锂离子动力电池领域的创新资源，公司的技术能力始终保持国际领先水平。公司其他客户包括广汽、长城、吉利、一汽、江铃、长安等国内知名整车企业，同时正在拓展大众、奥迪、保时捷、通用、雷诺、日产、本田、奇瑞、东风等国内外一线整车企业客户。",farasisIR@farasisenergy.com.cn,"专注于新能源车用锂离子动力电池及整车电池系统的研发,生产和销售,并为新能源汽车整车企业提供动力电池整体解决方案.",王志刚,江西,107066.97,张峰,20091218,www.farasisenergy.com.cn,孚能科技,0,SHSE,SHSE,汽车和配件,10200,-,汽车配件,10200030,38358287000,41.24,-20.13,¥35.75,周期性消费,102,0.01,60600,2771500,0.49,10000.0,60600,0.49,0.49,1.0,45.92,22.77,29.92,19.49,2020-12-31T05:00:00Z,{1_trade_buy},{trade_buy},2020Q4_1748964
002709,2020Q4_1748890,广东省广州市黄埔区云埔工业区东诚片康达路8号,非食用植物油加工；无机酸制造(监控化学品、危险化学品除外)；无机碱制造(监控化学品、危险化学品除外)；有机化学原料制造(监控化学品、危险化学品除外)；染料制造；初级形态塑料及合成树脂制造(监控化学品、危险化学品除外)；合成橡胶制造(监控化学品、危险化学品除外)；其他合成材料制造(监控化学品、危险化学品除外)；化学试剂和助剂制造(监控化学品、危险化学品除外)；专项化学用品制造(监控化学品、危险化学品除外)；林产化学产品制造(监控化学品、危险化学品除外)；信息化学品制造(监控化学品、危险化学品除外)；环境污染处理专用药剂材料制造(监控化学品、危险化学品除外)；肥皂及合成洗涤剂制造；化妆品制造；口腔清洁用品制造；其他日用化学产品制造(监控化学品、危险化学品除外)；日用及医用橡胶制品制造；石墨及碳素制品制造；日用化工专用设备制造；其他电池制造(光伏电池除外)；锂离子电池制造；污水处理及其再生利用；化妆品及卫生用品批发；贸易代理；化妆品及卫生用品零售；企业总部管理；工程和技术研究和试验发展；生物技术推广服务；新材料技术推广服务；节能技术推广服务；水资源管理；货物进出口(专营专控商品除外)；技术进出口；普通货物运输(搬家,徐金富,广州市,公司一直致力于精细化工新材料的研发、生产和销售，目前拥有日化材料及特种化学品、锂离子电池材料、有机硅橡胶材料三大业务板块。公司辖下包括九江天赐、天津天赐、天赐有机硅、东莞凯欣、香港天赐、江西天赐新材料创新中心、张家港吉慕特、江西艾德、中科立新等多家全资或控股子公司。作为国家级高新技术企业，公司集聚研发高端人才，学习和创新研发模式，引进国际尖端设备仪器，构建完整科研体系平台。公司目前搭建了国家级企业技术中心、博士后科研工作站、院士工作站、广东省精细化工材料工程技术研究开发中心、广东省企业技术中心、广东省动力锂电池电解质材料工程实验室，并与中科院上海有机所、浙江大学、中山大学、武汉大学等国内外知名科研院校建立了广泛的合作关系。,IR@tinci.com,"精细化工材料的研发,生产和销售",徐金富,广东,95290.99,韩恒,20000606,www.tinci.com,天赐材料,2020,SZSE,SZSE,化工,10130,-,特种化学制品,10130020,98855898000,100.83,73.88,¥99.14,基础材料,101,0.0,42840,2615800,0.46,10000.0,42840,0.46,0.46,1.7,62.35,19.6,34.43,187.95,2020-12-31T05:00:00Z,{1_trade_buy},{trade_buy},2020Q4_1748890
688063,2020Q4_1748959,上海市中国(上海)自由贸易试验区祖冲之路887弄72号,锂电池以及其他类型电池的研发、销售以及技术咨询、技术服务，光通信用备用电源的设计、销售，以及相关技术咨询和技术服务，从事货物与技术的进出口业务。【依法须经批准的项目，经相关部门批准后方可开展经营活动】,韦在胜,上海市,"公司是行业领先的储能电池系统提供商，专注于磷酸铁锂电芯、模组及储能电池系统的研发、生产和销售。公司产品可广泛应用于电力系统的发、输、配、用等环节以及通信基站和数据中心等场景,公司在全球电化学储能市场中具有较高品牌知名度和较强市场竞争力,2019年公司自主品牌家用储能产品出货量约占全球出货总量的8.5%，位居全球第三名。2019年公司以自主品牌和贴牌方式销售家用储能产品共计366MWh，约占全球出货总量的12.2%。报告期内公司连续荣获中国国际储能大会、中国储能网颁发的“中国储能产业最佳储能电池供应商”、“中国储能产业最具影响力企业”和“中国储能产业最佳系统集成解决方案供应商”等奖项。",ir@pylontech.com.cn,"专注于磷酸铁锂电芯,模组及储能电池系统的研发,生产和销售.",谈文,上海,15484.45,叶文举,20091028,www.pylontech.com.cn,派能科技,0,SHSE,SHSE,硬件,31120,-,电子元件,31120040,34801445000,48.99,-13.0,¥208.36,科技,311,0.0,3400,877800,0.15,10000.0,3400,0.15,0.15,1.0,258.62,258.62,258.62,-19.43,2020-12-31T05:00:00Z,{1_trade_buy},{trade_buy},2020Q4_1748959
688578,2020Q4_1748965,"上海市中国(上海)自由贸易试验区张衡路1227号,哈雷路1118号1幢5楼",化学合成原料药及制剂、中药有效成分的提取物及制剂、生物工程药物的研究开发;自有技术转让，并提供相关技术咨询和服务，药品委托生产。[依法须经批准的项目，经相关部门批准后方可开展经营活动],杜锦豪,上海市,"公司是一家专注于肿瘤治疗领域的创新药企业，目前已在非小细胞肺癌小分子靶向药领域构建了丰富的研发管线。作为一家创新驱动型药企，公司以提高全人类的生命质量和健康水平为己任，以全球医药市场未被满足的临床需求为导向，以开发出首创药物(First-in-class)和同类最佳药物(Best-in-class)为目标，致力于研发和生产具有自主知识产权、安全、有效、惠及大众的创新药物。自成立以来，公司坚持自主创新，针对已经科学验证的靶点，建立了完整的新药研发体系，涵盖先导药物的发现及优化、候选药物的评价及确立、药物临床前及临床研究、药品注册申报、产业化及商业化等各个环节,关于阿利沙坦酯《抗高血压化学1.1类创新药物——艾力沙坦的III期临床研究》课题获得国家“重大新药创制”科技重大专项，其临床研究入选国家高技术研究发展计划(863计划)。",IR@allist.com.cn,"致力于研发和生产具有自主知识产权,安全,有效,惠及大众的创新药物.",牟艳萍,上海,45000.0,李硕,20040322,www.allist.com.cn,艾力斯,0,SHSE,SHSE,生物科技,20610,-,生物科技,20610010,13927603000,11.16,8.43,¥31.00,医疗保健,206,0.0,6600,164500,0.03,10000.0,6600,0.03,0.03,1.0,38.55,27.27,31.93,-2.91,2020-12-31T05:00:00Z,{1_trade_buy},{trade_buy},2020Q4_1748965
688338,2020Q4_1748961,"北京市昌平区科技园区创新路27号1A座,北京市昌平区科学园路7号院1号楼8层",技术开发、技术服务、技术咨询、技术转让；货物进出口、技术进出口；销售医疗器械；生产第二类、第三类医疗器械。(该企业于2019年04月28日(核准日期)由内资企业变更为外商投资企业。生产第二类、第三类医疗器械以及依法须经批准的项目，经相关部门批准后依批准的内容开展经营活动。),吴仕明,北京市,"公司是血栓与止血体外诊断领域领先的国内生产商,是血液学体外诊断领域的领导者之一,自成立以来一直致力于血栓与止血体外诊断领域的检测仪器、试剂及耗材的研发、生产和销售，为医疗机构提供凝血、血液流变、血沉压积、血小板聚集等自动化检测仪器及配套的试剂和耗材，公司已形成了拥有自主核心技术的集仪器、试剂及耗材于一体的产品体系，重点发展凝血检测和血流变检测产品，同时在产品的专业化、系列化及自动化方面不断发展和创新，公司秉承“成功源自专一，服务创造价值”的核心价值观，深耕血栓与止血体外诊断领域，打造行业专业品牌。公司获得“高新技术企业”、“火炬计划重点高新技术企业”、“昌平区科技研发中心”、“北京生物医药产业跨越发展工程(G20工程)-行业领军企业”等荣誉。公司技术水平和产品实力受到政府主管部门及行业的认可，树立了良好的品牌形象。",investor@succeeder.com.cn,"致力于血栓与止血体外诊断领域的检测仪器,试剂及耗材的研发,生产和销售",王海,北京,8164.8,张嘉翃,20030528,www.succeeder.com.cn,赛科希德,0,SHSE,SHSE,医疗器械,20650,-,医疗设备,20650010,4224468000,8.87,-6.83,¥52.15,医疗保健,206,0.0,3000,166000,0.03,10000.0,3000,0.03,0.03,1.0,170.18,54.16,78.65,-33.69,2020-12-31T05:00:00Z,{1_trade_buy},{trade_buy},2020Q4_1748961
688060,2020Q4_1748958,,,,,,,,,,,,,,云涌科技,0,SHSE,SHSE,软件,31110,-,软件应用,31110020,4007874000,-3.44,-18.72,¥65.48,科技,311,0.0,2400,196100,0.03,10000.0,2400,0.03,0.03,1.0,252.61,80.78,130.19,-49.7,2020-12-31T05:00:00Z,{1_trade_buy},{trade_buy},2020Q4_1748958
688678,2020Q4_1748968,江苏省苏州市昆山市千灯镇玉溪西路168号,设计、制造新型电子元器件(生产电子变压器和半导体开关器件等电子电力器件)、第二类医疗器械；弹簧弹片及其他精密通用零部件、精冲模、精密型腔模、模具标准件、精密金属结构件、汽车零部件、三轴以上联动的数控机床、数控系统及伺服装置(用于生产弹簧、弹片等五金产品的成型机)生产；销售自产产品；道路普通货物运输(按许可证核定内容经营)。(前述经营项目中法律、行政法规规定前置许可经营、限制经营、禁止经营的除外);塑料制品制造(依法须经批准的项目，经相关部门批准后方可开展经营活动)。,许惠钧,苏州市,公司长期深耕精密金属零部件制造行业，积累了全面、高效、精益化的精密金属零部件制造技术及经验，在提升技术、工艺和产品开发能力的基础上，不断优化客户和产品结构。近年来，公司不断加大技术创新力度，持续地进行工艺改进，从设计、工艺、品质、服务等方面为品牌发展注入新动力，公司知名度在业内显著提高。公司产品具备高精密度、高稳定性、高良品率等优势，凭借优质的产品和快速的市场响应能力，公司获得了下游客户的广泛认可，进入了行业一流企业的供应链体系，与之形成了长期稳定的合作关系。公司将不断加大自主创新，顺应下游消费电子、5G通信、物联网、新能源汽车等新兴行业发展趋势，紧抓新产品及新应用场景为精密金属零部件行业带来的市场机遇，不断研发及制造精密度高、稳定性强和良品率高的专业化产品，增加产品附加值，进一步拓展业务领域、完善产品体系，提高公司竞争能力。,ir@freewon.com.cn,"精密金属零部件的研发,制造和销售,主要为3C,汽车,电动工具等下游应用行业的客户提供精密金属零部件产品.",许惠钧,江苏,17335.0,顾月勤,20060518,www.freewon.com.cn,福立旺,0,SHSE,SHSE,工业制品,31070,-,工具和配件,31070050,3813700000,16.88,2.29,¥22.00,工业,310,0.0,4200,91500,0.02,10000.0,4200,0.02,0.02,1.0,28.87,21.8,24.28,-9.39,2020-12-31T05:00:00Z,{1_trade_buy},{trade_buy},2020Q4_1748968
688617,2020Q4_1748967,广东省深圳市南山区西丽街道松坪山社区松坪山朗山路11号同方信息港B栋601,一般经营项目是：计算机软件开发与自主开发软件的销售；医疗器械产品的技术开发、咨询(不含限制项目)、并提供上述产品的批发、进出口及相关配套业务；设备租赁；I类医疗器械的批发、进出口及销售(不涉及国营贸易管理商品，涉及配额、许可证管理及其他专项规定管理的商品，按国家有关规定办理申请)。，许可经营项目是：III类6821医用电子仪器设备、III类6825医用高频仪器设备、III类6866医用高分子材料及制品、III类6877介入器材的生产、自产产品的销售(由分公司生产)；II类、III类医疗器械的批发、进出口及销售。,成正辉,深圳市,公司是国产电生理和血管介入医疗器械品种品类齐全、规模领先、具有较强市场竞争力的企业之一，也是能够与国外产品形成强有力竞争的为数不多的企业之一。公司在电生理、血管介入医疗器械的研发和生产领域拥有丰富的技术积累和人才储备，攻关并掌握了“钢丝网加强挤出”、“亲水涂层”、“异种合金对接”等多种国外垄断的通路类产品必备产业化技术，同时具备独立生产导管、球囊、导丝等多种血管介入产品的高端生产制造能力。公司坚持自主研发创新，同时积极发掘临床需求，利用公司在行业内领先的生产制造能力实现可充分满足临床需求产品的产业化。截至2020年3月31日，公司共拥有国内外专利证书60项，其中国内发明专利39项，国外发明专利2项。经过多年的发展，公司已在境内外建立了完善的销售网络，覆盖全国31个省、自治区和直辖市的700余家三甲医院及680余家县市级二甲医院，并出口至欧洲、美洲、东南亚的80多个国家和地区。,ir@aptmed.com,"已上市的产品包括电生理,冠脉通路和外周血管介入医疗器械,专注于电生理和血管介入医疗器械的研发,生产和销售.",成正辉,广东,6667.0,戴振华,20020617,www.aptmed.com,惠泰医疗,0,SHSE,SHSE,医疗器械,20650,-,医疗设备,20650010,26974581000,85.05,0.0,¥398.06,医疗保健,206,0.0,1700,124600,0.02,10000.0,1700,0.02,0.02,1.0,0.0,0.0,0.0,0.0,2020-12-31T05:00:00Z,{1_trade_buy},{trade_buy},2020Q4_1748967
688589,2020Q4_1748966,,,,,,,,,,,,,,力合微,0,SHSE,SHSE,半导体,31130,-,半导体,31130020,3311818000,20.95,-6.34,¥33.71,科技,311,0.0,3600,125800,0.02,10000.0,3600,0.02,0.02,1.0,84.51,35.01,51.83,-34.96,2020-12-31T05:00:00Z,{1_trade_buy},{trade_buy},2020Q4_1748966
300896,2020Q4_1748920,北京市朝阳区建国路甲92号世茂大厦C座21层,药品、生物制品、医疗器械、化妆品的技术开发、转让；新型药用辅料的开发、生产；生产化妆品；货物进出口、技术进出口、代理进出口；企业管理咨询(不含中介服务)；销售(含网上销售)医疗器械、化妆品；批发、零售(含网上销售)食品；批发(含网上销售)药品。生产医疗器械III类：III-6846-1植入器材。(该公司2018年10月17日前为内资企业，于2018年10月17日变更为外商投资企业；批发、零售(含网上销售)食品、批发(含网上销售)药品以及依法须经批准的项目，经相关部门批准后依批准的内容开展经营活动)(经营场所：北京市平谷区中关村科技园区平谷园马坊工业园区马坊镇金平西路20号院)。,简军,北京市,公司是国内生物医用软组织修复材料领域的创新型领先企业。公司立足于生物医用材料的研发和转化，致力于重组蛋白和多肽等生物医药的开发，已成功实现注射类透明质酸钠系列产品及聚对二氧环己酮面部埋植线的产业化，并建立了医用几丁糖、聚乳酸等生物医用材料的产品技术转化平台，产品临床应用涵盖医疗美容、外科修复以及代谢疾病治疗等领域。公司是首家取得国家药监局批准用于面部软组织修复的注射用透明质酸钠医疗器械产品注册证书的国内企业。截至报告期末，公司已拥有五款获国家药监局批准的III类注射用透明质酸钠系列产品，为获得国家药监局批准的同类产品最多的企业。公司五款产品在配方组份、注射部位、注射体验等方面有所不同，能够满足多个细分市场的消费需求。此外，公司已于2019年5月取得聚对二氧环己酮面部埋植线的III类医疗器械注册证书，为首款取得国家药监局批准的面部埋植线产品。公司重视研发投入和产品开发，是国家级高新技术企业，建有生物可降解新材料北京市工程实验室。公司作为牵头单位参与了国家科学技术部“十三五”规划国家重点研发计划“新型颌面软硬组织修复材料研发”项目。截至报告期末，公司拥有32项专利，其中发明专利18项。,ir@imeik.com,"公司立足于生物医用材料的研发和转化,致力于重组蛋白和多肽等生物医药的开发,公司自主研发的产品主要针对面部,颈部褶皱皮肤的修复.",石毅峰,北京,21636.0,简勇,20040609,www.imeik.net,爱美客,0,SZSE,SZSE,医疗器械,20650,-,医疗器械和供给,20650020,172349410000,57.0,121.06,¥773.15,医疗保健,206,0.0,360,108600,0.02,10000.0,360,0.02,0.02,1.8,363.9,183.33,295.83,161.35,2020-12-31T05:00:00Z,{1_trade_buy},{trade_buy},2020Q4_1748920
300900,2020Q4_1748921,黑龙江省哈尔滨市哈南工业新城核心区哈南三路3号,飞机部段、飞机零部件、飞机内饰、飞机机载设备和地随设备、燃气轮机零部件、卫星零部件、工业机器人、机械电气设备、自动化装备、自动化系统和自动化生产线的开发、生产、销售、维修及相关技术服务；工艺装备、模具、夹具和复合材料制品的开发、生产、销售、维修及相关技术服务；机械零部件的开发、生产、销售、维修及相关技术服务；机械加工、钣金、金属表面处理及热处理加工；飞机、飞机发动机、航天器、航天器零部件及相关设备的设计、制造、维修、加装、改装、销售及相关技术服务（取得相关许可或资质后方可经营）；船舶、船用配套设备、航标器材的设计、制造、维修、改装、销售及相关技术服务（以上涉及国家禁止产能过剩的项目除外）；自有房屋租赁；计算机软件开发及相关技术服务；技术咨询、技术开发、技术服务、技术推广及技术转让；货物进出口、技术进出口。民用航空器制造及维修。,王增夺,哈尔滨市,公司是专业从事航空工业相关产品设计、研发、制造的国家级高新技术企业。公司以具有突出优势的航空工装业务为基础，积极开拓了航空零部件和部段、无人机等业务，产品覆盖军用和民用航空工业各领域，成为专业化程度高、技术积累丰富、广受认可的航空工业相关产品供应商。公司的客户主要为中航工业、中国商飞等国内航空工业核心制造商旗下的各飞机主机制造厂商，航天科工、中国兵装等军工央企集团下属科研院所及科研生产单位，军队研究所等军方单位。目前，公司已获得开展业务所需的航空、军工相关资质，包括AS9100航空航天质量管理体系认证、ISO9001:2015质量管理体系认证以及GJB9001C-2017国军标质量管理体系认证证书、武器装备科研生产单位三级保密资格证书、装备承制单位注册证书等。,ir@glavi.cn,"专业从事航空工业相关产品设计,研发,制造",杨怀忠,黑龙江,21024.0,吴铁华,20110225,www.guanglianhangkong.com/www.glavi.cn,广联航空,0,SZSE,SZSE,航空航天和国防,31010,-,航空航天和国防,31010010,6571090000,-10.37,-29.54,¥32.60,工业,310,0.0,900,29100,0.01,10000.0,900,0.01,0.01,1.0,72.29,42.99,57.32,-43.13,2020-12-31T05:00:00Z,{1_trade_buy},{trade_buy},2020Q4_1748921
300927,2020Q4_1748934,江苏省南通市开发区崇川区中央路16号,"多聚甲醛,甲醛,氯甲烷的生产,销售;第3类易燃液体,第4类易燃固体,自燃物品和遇湿自燃物品;第6类毒害品;第8类腐蚀品批发(以上化学危险品凭有效许可证生产经营,不得超范围经营危险化学品,不得经营剧毒化学品,成品油,一类易制毒品和监控化学品.经营场所及末经批准的其他场所均不得存放危险化学品).乙二醇半缩醛的生产,销售;多聚甲醛,甲醛,氯化烷及其下游产品的开发,技术咨询,技术培训(非学历,非职业技能培训);化工产品(除危险品)销售;自营和代理各类商品和技术的进出口业务,但国家限定公司经营或禁止进出口的商品和技术除外.(依法须经批准的项目,经相关部门批准后方可开展经营活动)",朱辉,南通市,"公司是按现代企业管理制度建立起来的以生产有机化工原料、中间体和新型材料为主的国有有限责任公司。公司是江苏省高新技术企业。公司专注于以甲醇下游深加工为产业链的高端专用精细化学品的研发、生产和销售。公司主要产品包括颗粒多聚甲醛、高浓度甲醛、超高纯氯甲烷及1,3,5-三丙烯酰基六氢-均三嗪等，目前公司产品应用于合成树脂、胶黏剂、混凝土外加剂、农药除草剂、香精香料、染料、电子化学品以及纺织染整助剂、表面活性剂等多个领域。公司具备突出的技术实力和研发能力，公司多年来一直注重产品生产技术的革新与工艺的改进优化，拥有7项发明专利和27项实用新型专利；公司生产的颗粒多聚甲醛、高浓度甲醛及超高纯氯甲烷被认定为高新技术产品，产品各项技术指标及生产工艺均处于行业领先水平。公司高度重视安全生产和环境保护，不断提升生产的绿色、智能及节能化水平，先后获得“安全生产标准化二级企业”、“江苏省节水型企业”、南通市环境信用评级“绿色等级企业”等资质及称号。",security@ntjtc.cn;chenmei@ntjtc.cn;shibin@ntjtc.cn,"公司专注于以甲醇下游深加工为产业链的高端专用精细化学品的研发,生产和销售.公司主要产品包括颗粒多聚甲醛,高浓度甲醛,超高纯氯甲烷及1,3,5-三丙烯酰基六氢-均三嗪等.",朱辉,江苏,8020.0,史彬,19991104,www.ntjtc.com,江天化学,0,SZSE,SZSE,化工,10130,-,化学制品,10130010,2631278000,-0.39,0.0,¥32.11,基础材料,101,0.0,2200,29000,0.01,10000.0,2200,0.01,0.01,1.0,0.0,0.0,0.0,0.0,2020-12-31T05:00:00Z,{1_trade_buy},{trade_buy},2020Q4_1748934
300919,2020Q4_1748930,贵州省铜仁市玉屏侗族自治县大龙经济开发区2号干道与1号干道交汇处,法律、法规、国务院决定规定禁止的不得经营；法律、法规、国务院决定规定应当许可(审批)的，经审批机关批准后凭许可(审批)文件经营;法律、法规、国务院决定规定无需许可(审批)的，市场主体自主选择经营。(新材料、电池及新能源的研发、生产、加工与销售，从事货物及技术的进出口业务。),邓伟明,铜仁市,公司主要从事锂电池正极材料前驱体的研发、生产、加工及销售，主要产品包括三元前驱体、四氧化三钴，分别用于生产三元正极材料、钴酸锂正极材料。三元正极材料、钴酸锂正极材料进一步加工制造成锂电池，最终应用于新能源汽车、储能及消费电子等领域。公司所属产业为战略性新兴产业。为进一步增强锂电池正极材料前驱体主要原材料的保障能力，公司向产业链上游延伸，已形成了镍、钴中间品湿法加工硫酸镍、硫酸钴以及锂离子电池循环回收产能，与前驱体产业形成了良好的产业链协同优势。公司凭借优异的技术研发实力、严苛的品质管控要求、快速的产业化能力，前驱体产销量稳居全球前三，与LG化学、厦门钨业、当升科技、振华新材、天津巴莫、北大先行等国内外一流正极材料客户建立了稳定合作关系。,cngrir@cngrgf.com.cn,"主要从事锂电池正极材料前驱体的研发,生产,加工及销售,主要产品包括三元前驱体,四氧化三钴,分别用于生产三元正极材料,钴酸锂正极材料.",邓伟明,贵州,56965.0,廖恒星,20140915,www.cngrgf.com.cn,中伟股份,0,SZSE,SZSE,化工,10130,-,特种化学制品,10130020,81834653000,77.03,79.43,¥152.00,基础材料,101,0.0,600,37500,0.01,10000.0,600,0.01,0.01,1.0,86.12,73.25,80.15,89.64,2020-12-31T05:00:00Z,{1_trade_buy},{trade_buy},2020Q4_1748930
300926,2020Q4_1748933,江苏省苏州市昆山开发区龙江路88号,汽车用精密模具及高精密零部件等相关产品的研发、生产、销售；模具制造；冲压零部件、金属材料、五金交电、电子产品、塑料制品的销售；激光拼焊汽车转向支架、落料件、汽车天窗用包塑件、汽车门锁用包塑件的生产、销售，并提供售后技术支持和服务；道路普通货物运输(按许可证核定内容经营)；从事货物及技术的进出口业务。(前述经营项目中法律、行政法规规定前置许可经营、限制经营、禁止经营的除外)(依法须经批准的项目，经相关部门批准后方可开展经营活动),伍亚林,苏州市,公司是汽车精密零部件和精密模具的专业制造企业，主要从事汽车精密零部件和精密模具的研发、设计、生产和销售。公司注重技术研发与创新，掌握了模具设计与制造、冲压、激光焊接、注塑及装配等关键生产工艺和环节的技术。公司具有较强的精密模具开发、制造与销售能力，零部件产品种类丰富，覆盖了框架类、传动类、其他类等。公司是国家高新技术企业，通过了IATF16949:2016质量管理体系认证(认证范围：金属冲压件、金属焊接件和注塑件的制造，除8.3产品设计)、GB/T24001-2016/IOS14001:2015环境管理体系认证(认证范围：汽车零件的冲压、焊接、注塑生产)以及邓白氏注册认证。公司是“江苏省认定企业技术中心”、“江苏省民营科技企业”、“昆山市科技研发机构”和“苏州市博俊高精密汽车冲压模具工程技术研究中心”、“江苏省企业研究生工作站”。公司拥有严格的质量控制体系、完整的研发设计体系，致力于为客户提供高性能、专业化的精密零部件和精密模具。经过多年的发展和积累，公司在精密零部件和精密模具行业形成了一定的竞争优势。,ir@sh-bojun.com,"主要从事汽车精密零部件和精密模具的研发,设计,生产和销售.主要产品冲压零部件,模具盈利能力均较强.",伍亚林,江苏,14213.34,李晶,20110329,www.sh-bojun.com,博俊科技,0,SZSE,SZSE,汽车和配件,10200,-,汽车配件,10200030,2987783000,-8.6,0.0,¥21.33,周期性消费,102,0.0,3600,38600,0.01,10000.0,3600,0.01,0.01,1.0,0.0,0.0,0.0,0.0,2020-12-31T05:00:00Z,{1_trade_buy},{trade_buy},2020Q4_1748933
300917,2020Q4_1748928,广东省深圳市福田区香蜜湖街道侨香路1010号特发文创广场五楼,一般经营项目：物业管理；水电工程；国内贸易；经济信息咨询；房地产经纪；为酒店提供管理服务；汽车零配件及汽车饰品的购销；自有物业租赁；园林绿化服务；绿化养护服务；花卉租摆；清洁服务；从事物业管理范围内的二次供水设施清洗消毒业务；建筑工程；投资兴办实业(具体项目另行申报)；经营电子商务。许可经营项目：游泳池经营；停车场经营；劳务派遣；餐饮服务；人力资源输出；人力资源开发与管理咨询；人才资源培训服务；企业人才的交流咨询；人力资源服务外包；人力资源管理软件；垃圾清运；道路清扫；园林设计；市政工程管理；“四害”防治；白蚁防治；环境消杀服务。,陈宝杰,深圳市,公司一直以综合设施管理服务为核心业务，致力于成为中国高端物业服务品牌供应商。公司所从事的服务内容包括综合设施管理、空间管理、安全保障、环境管理、高端接待、会议服务等，管理的项目涵盖高新科技园区、商业综合体、政府机关、学校、住宅等多种类型，主要客户包括华为、阿里巴巴、中国移动、国家电网等知名企业。公司相关业务已从珠三角经济圈辐射至国内的环渤海经济圈、长三角经济圈、西南经济圈、华中城市经济圈及海外的非洲等地。近年来，公司在提供物业管理服务的同时，还陆续拓展了政务服务、资产经营等业务，设立了特发楼宇、特发政务、特发商务、特发资产经营等子公司。凭借优质的服务质量，公司与主要客户建立了长期、稳定的服务关系。报告期内，公司多次受到核心客户及行业协会等相关单位的嘉奖，具体情况如下：2018年度深圳市物业管理行业协会优秀企业、2017年物业服务百强企业、中国企业信用评价AAA等。,sdgs@tefafuwu.com,"公司所从事的服务内容包括综合设施管理,空间管理,安全保障,环境管理,高端接待,会议服务等,管理的项目涵盖高新科技园区,商业综合体,政府机关,学校,住宅等多种类型.",崔平,广东,13000.0,陈宝杰,19930531,www.tefafuwu.com,特发服务,0,SZSE,SZSE,房地产,10410,-,房地产服务,10410020,3331872000,-8.92,-16.55,¥25.77,房地产,104,0.0,390,9000,0.0,10000.0,390,0.0,0.0,1.3,41.48,29.92,34.39,-25.07,2020-12-31T05:00:00Z,{1_trade_buy},{trade_buy},2020Q4_1748928
300890,2020Q4_1748915,广东省深圳市龙华新区龙华街道清祥路1号宝能科技园9栋C座20楼J单元,改性石墨负极材料、锂离子电池负极材料的技术开发及销售，其它国内贸易(以上均不含法律、行政法规、国务院决定规定需前置审批和禁止的项目)；经营进出口业务(法律、行政法规、国务院决定禁止的项目除外，限制的项目须取得许可后方可经营)；新能源行业投资(具体投资项目另行申报)。,周鹏伟,深圳市,"公司是一家从事锂离子电池负极材料的研发、生产和销售的高新技术企业，是国内先进的锂电池负极材料供应商，主要产品分为天然石墨和人造石墨两大类，产品应用于包括动力(电动交通工具，如新能源汽车、电动自行车等)、3C消费电子和工业储能等锂离子电池领域。经过多年发展，公司建立了一支高素质的研发团队和专家顾问团队，主要成员来源于清华大学、中科院等高等院所，并成为清华大学、重庆大学等知名院校的研究生联合培养基地和产学研合作基地,公司“动力电池用新型高性能微膨石墨负极材料的研发项目”获得“深圳市科学技术奖——技术发明二等奖”；“动力电池长循环硅/碳复合负极材料的研发与产业化项目”被深圳市经信委列为2018年第一批战略性新兴产业和未来产业发展专项资金中的“创新链+产业链”融合专项扶持计划(直接资助类)；获批广东省科技型中小企业技术创新基金项目等多项荣誉。",public@xfhinc.com,"主要从事锂离子电池负极材料的研发,生产和销售的高新技术企业,是国内先进的锂电池负极材料供应商,主要产品分为天然石墨和人造石墨两大类,产品应用于包括动力(电动交通工具,如新能源汽车,电动自行车等),3C消费电子和工业储能等锂离子电池领域.",赵东辉,广东,10000.0,叶文国,20090612,www.xiangfenghua.com,翔丰华,0,SZSE,SZSE,化工,10130,-,特种化学制品,10130020,5684329000,36.22,7.33,¥58.75,基础材料,101,0.0,300,14000,0.0,10000.0,300,0.0,0.0,1.0,71.5,47.3,59.33,-0.98,2020-12-31T05:00:00Z,{1_trade_buy},{trade_buy},2020Q4_1748915
300894,2020Q4_1748919,浙江省嘉兴市海宁市尖山新区新城路366号,许可项目：电热食品加工设备生产；货物进出口；第二类增值电信业务(依法须经批准的项目，经相关部门批准后方可开展经营活动，具体经营项目以审批结果为准)。一般项目：家用电器研发；家用电器制造；家用电器销售；非电力家用器具销售；非电力家用器具制造；机械电气设备制造；家具制造；家具销售；家居用品制造；家居用品销售；互联网销售(除销售需要许可的商品)(除依法须经批准的项目外，凭营业执照依法自主开展经营活动)。,黄卫斌,嘉兴市,火星人厨具股份有限公司是一家立志解决厨房油烟的高科技公司，火星人集成灶是其核心产品，凭借核心技术，油烟净化率达到99.95%；成立短短6年时间，优质的产品质量积累下了良好的口碑，全国专卖店达一千多家，销售额每年以翻倍的速度增长，发展速度和行业规模位居行业前列。火星人自成立起，就在行业内崭露头角，产品X7获得世界级工业设计大奖：德国IF设计金奖；央视纪录片《工匠精神》指定入选的集成灶企业；售后服务获得国家五星级认证服务企业；行业内首推蒸箱集成灶，是第三代集成灶的代表；火星人坚持投入巨资自主研发，大部分产品获得原创性设计大奖，目前产品系列有消毒柜款X7、X2、X5、Q5、E3(天猫电商款)，蒸箱款X7Z、X2Z、Q5Z、X3Z(京东电商款)，集成水槽A2、A3、A5、K2。,dongshiban@marssenger.com;maoweiping@marssenger.com,"公司专业从事新型中高端厨房电器产品的研发,设计,生产与销售业务,主要产品包括集成灶,集成水槽,集成洗碗机等系列产品.",黄卫斌,浙江,40500.0,毛伟平,20100408,www.marssenger.com,火星人,0,SZSE,SZSE,家具制造,10220,-,家具制造,10220010,29425439000,53.38,56.22,¥74.21,周期性消费,102,0.0,600,23200,0.0,10000.0,600,0.0,0.0,1.0,49.0,49.0,49.0,51.45,2020-12-31T05:00:00Z,{1_trade_buy},{trade_buy},2020Q4_1748919
300893,2020Q4_1748918,浙江省宁波市余姚市牟山镇运河沿路1号,一般项目：汽车零部件研发；汽车零部件及配件制造；汽车零配件批发；汽车零配件零售(除依法须经批准的项目外，凭营业执照依法自主开展经营活动)。许可项目：进出口代理；货物进出口；技术进出口(依法须经批准的项目，经相关部门批准后方可开展经营活动，具体经营项目以审批结果为准)。,胡铲明,宁波市,公司是国内领先的汽车被动安全系统一级供应商之一，专业从事汽车安全带总成及零部件等汽车被动安全系统产品及特殊座椅安全装置的研发、设计、生产、销售及服务。公司同时为国内外主流汽车整车厂及座椅厂提供汽车被动安全系统解决方案及特殊座椅安全装置。公司汽车安全带总成具有紧急锁止、单边和双边预张紧、单边和双边限力、噪音抑制、儿童锁、防反锁等多重先进功能，广泛应用于紧凑型车、中型车、运动型多用途汽车(SUV)、多用途汽车(MPV)、客车、卡车等众多主流车型；特殊座椅安全装置是应用于不同特殊场景的座椅安全装置。由于特殊座椅应用场景的特殊性，通常对安全装置有个性化的设计和制造要求，如车载轮椅、儿童座椅、农用机械座椅等。公司致力于国内汽车被动安全系统自主品牌的发展，坚持“舒适、安全、可靠、环保”的经营理念，为交通出行提供满足安全创想的汽车被动安全系统解决方案。,IR@songyuansafety.com,"专业从事汽车安全带总成及零部件等汽车被动安全系统产品及特殊座椅安全装置的研发,设计,生产,销售及服务.主要产品可分为简易式安全带,普通紧急锁止式安全带,紧急锁止限力式安全带,单边预张紧限力式安全带和双边预张紧限力式安全带.",胡凯纳,浙江,15000.0,方栩威,20010706,www.songyuansafety.com,松原股份,0,SZSE,SZSE,汽车和配件,10200,-,汽车配件,10200030,3232887000,-1.4,-15.07,¥21.87,周期性消费,102,0.0,450,9700,0.0,10000.0,450,0.0,0.0,1.5,44.8,22.7,31.76,-31.14,2020-12-31T05:00:00Z,{1_trade_buy},{trade_buy},2020Q4_1748918
300892,2020Q4_1748917,上海市普陀区长寿路652号景源时尚产业园10号楼308室,食品流通，日用百货的销售，仓储(除危险品)，企业管理咨询，包装服务，供应链管理，商务信息咨询，企业形象策划、设计，从事货物及技术的进出口业务。【依法须经批准的项目，经相关部门批准后方可开展经营活动】,王牧,上海市,作为国内较早实现进口食品品牌运营的企业，公司始终秉持“通过世界美食，让大众更时尚、更健康”的使命，通过整合全球优质食品资源，全力打造“原装进口食品”的品牌发展战略，致力于将中国美食品牌与全球生产体系嫁接，将全球的健康美食和时尚生活方式带给中国消费者。经过多年发展，公司已成功自主开发和推广“德亚”、“瓦伦丁”、“亨利”、“雅娜”等自有品牌以及“品利”等合作品牌，品牌影响力逐年提升，在消费者中拥有较高的声誉和品牌辨识度。公司已成为国内知名的进口食品品牌运营商。报告期内，公司主要从事自有品牌食品的开发、进口、销售及国外食品的合作代理销售业务。目前，公司产品以自有品牌和合作品牌进口食品为主，主要聚焦于乳品、啤酒、粮油、谷物以及饼干点心类等五大食品品类。截止本招股说明书签署日，公司重点经营的自有品牌5款，合作品牌4款以及代理品牌1款。作为国内知名的进口食品品牌运营商，公司高度重视渠道建设工作，坚持线上渠道与线下渠道同时发展的营销策略，构建了包括大型商超，天猫商城、京东等电商平台以及各地经销商等在内的多元化销售体系。目前，公司销售渠道分为线下渠道和线上渠道。,securities@pinlive.com,"公司主要从事自有品牌食品的开发,进口,销售及国外食品的合作代理销售业务.公司产品以自有品牌和合作品牌进口食品为主,主要聚焦于乳品,啤酒,粮油,谷物以及饼干点心类等五大食品品类.",王牧,上海,10000.0,朱国辉,19970909,www.pinlive.com,品渥食品,0,SZSE,SZSE,零售 - 防守型,20550,-,食品分销,20550020,4554552000,-10.37,-29.67,¥44.43,非周期性消费,205,0.0,300,16300,0.0,10000.0,300,0.0,0.0,1.0,83.5,54.15,65.09,-31.74,2020-12-31T05:00:00Z,{1_trade_buy},{trade_buy},2020Q4_1748917
300878,2020Q4_1748907,浙江省丽水市莲都区经济开发区遂松路2号,许可项目：药品生产；药品批发；药品零售；食品生产；食品经营；保健食品生产；保健食品销售；婴幼儿配方食品生产；食品经营（销售散装食品）；化妆品生产；第二类医疗器械生产；第三类医疗器械生产；第三类医疗器械经营；消毒器械生产；消毒器械销售；消毒剂生产（不含危险化学品）；货物进出口；技术进出口(依法须经批准的项目，经相关部门批准后方可开展经营活动，具体经营项目以审批结果为准)。一般项目：化妆品零售；化妆品批发；第一类医疗器械生产；第一类医疗器械销售；第二类医疗器械销售；消毒剂销售（不含危险化学品）；食品经营（销售预包装食品）(除依法须经批准的项目外，凭营业执照依法自主开展经营活动)。,刘忠良,丽水市,"公司是一家集中成药研发、制造、销售于一体的现代化高科技制药企业。主营业务为现代中药及西药的研发、生产和销售，主要产品包括银黄滴丸、益母草软胶囊、益母草分散片、骨刺胶囊、枫蓼肠胃康分散片、人参健脾片等中成药以及罗红霉素软胶囊等西药，生产剂型覆盖硬胶囊剂、片剂、颗粒剂、软胶囊剂、丸剂(滴丸)。除医药工业外，公司还经营医药商业产品的零售连锁等流通业务作为主营业务的补充。公司以“为公众服务，对生命负责”为质量要求，严格按照GMP要求建设厂房、配置设备，各类生产线均通过GMP认证,秉承“维系苍生、致力安康”的企业使命，重视研发投入和人才引进，先后成立了省级高新技术企业研究开发中心、省级企业技术中心、省级企业研究院、浙江省院士专家工作站、浙江省博士后工作站等多个科研平台，不断强化在制药领域的核心竞争力。",zjwk@zjwk.com,"主营业务为现代中药及西药的研发,生产和销售,主要产品包括银黄滴丸,益母草软胶囊,益母草分散片,骨刺胶囊,枫蓼肠胃康分散片,人参健脾片等中成药以及罗红霉素软胶囊等西药,生产剂型覆盖硬胶囊剂,片剂,颗粒剂,软胶囊剂,丸剂(滴丸).",孔晓霞,浙江,8043.91,朱婷,20000331,www.zjwk.com,维康药业,0,SZSE,SZSE,生物科技,20610,-,生物科技,20610010,3816088000,3.23,-3.92,¥47.29,医疗保健,206,0.0,400,19500,0.0,10000.0,400,0.0,0.0,1.0,99.7,49.66,64.15,-26.28,2020-12-31T05:00:00Z,{1_trade_buy},{trade_buy},2020Q4_1748907
300889,2020Q4_1748914,广东省深圳市宝安区松岗街道松岗大道11号健仓科技园一栋,从事LED点光源、LED日光灯、灯光控制器的生产、研发和销售；从事光电产品、太阳能产品、电子产品、半导体、智能控制系统及软件的生产、研发和销售；智能化控制系统、智能照明、软件、计算机领域内的技术研发、咨询、服务；市政工程、园林绿化工程施工；城市及道路照明工程专业承包、智能化工程专业承包；照明工程设计、照明技术的开发；房屋租售、国内贸易(不含专营、专卖、专控商品)；经营进出口业务(法律、行政法规、国务院决定禁止的项目除外，限制的项目须取得许可后方可经营)。,谢明武,深圳市,公司是从事景观照明智能控制系统及LED景观照明灯具的研发、生产和销售的国家级高新技术企业，公司始终以客户需求为导向，致力于为客户提供稳定可靠的LED景观照明产品。公司专注于景观照明领域的技术研发、产品设计与生产制造，在智能控制系统和景观照明产品领域具备较强的产品开发和制造能力，能够满足客户大规模的定制化需求，已成为国内大型景观照明项目所需产品的核心供应商之一。公司产品成功应用于国内诸多大型城市整体亮化项目，包括深圳改革开放40周年庆典主题灯光秀项目、青岛上合组织峰会主题灯光秀项目、厦门金砖会议主题灯光秀项目、杭州G20峰会钱江新城主题灯光秀项目、武汉两江四岸长江灯光秀项目等。公司已被认定为广东省景观LED工程技术研究中心。公司产品被认定为广东省名牌产品，产品通过了CCC认证、CE认证、CQC认证及ROHS认证。,exc@exc-led.com,"从事景观照明智能控制系统及LED景观照明灯具的研发,生产和销售,主要产品为景观照明智能控制系统和LED景观照明灯具系列产品.",张锋斌,广东,15600.0,陈永建,20090918,www.exc-led.com,爱克股份,0,SZSE,SZSE,硬件,31120,-,电子元件,31120040,3528428000,-17.63,-27.32,¥22.39,科技,311,0.0,500,14400,0.0,10000.0,500,0.0,0.0,1.0,64.15,30.53,40.96,-45.34,2020-12-31T05:00:00Z,{1_trade_buy},{trade_buy},2020Q4_1748914
300911,2020Q4_1748926,浙江省绍兴市嵊州市浦口街道浙锻路68号,生产、销售：消毒器械(用于餐饮具消毒的消毒器械)；制造、加工、销售：集成灶、油烟机、烤箱、水槽、集成水槽、热水器、洗碗机、集成洗碗机、集成烤箱、集成蒸箱、净水器、空气净化器、浴霸、燃气用具、燃气用具配件、汽车配件、酒柜、橱柜、卫浴设施、电子产品、壁挂炉；太阳能光伏发电；销售：灯具及灯具零配件。(依法须经批准的项目，经相关部门批准后方可开展经营活动),孙伟勇,绍兴市,公司专业从事集成灶等现代新型厨房电器产品的研发、生产和销售，是国内较早以自主品牌生产和销售侧吸下排式集成灶的企业之一。公司以“创建无害厨房环境”作为发展使命，始终致力于为消费者提供健康、环保、节能的厨房电器产品，持续提升顾客的厨房体验，为消费者带来安全健康的品质生活。公司始终坚持走高质量发展之路，近年来先后荣获包括浙江省著名商标、中国厨卫产品创新大奖、全国质量诚信优秀典型企业、浙江省知名商号等在内的多项荣誉，同时公司还是《集成灶》(ZZB032-2015)的起草单位之一。在由浙江省人民政府推动实施的“浙江制造”认证中，公司于2015年成为集成灶行业首家获得认证的企业，并荣获2017年度浙江省人民政府质量奖。经过多年发展，公司已形成了强大的集成灶研发体系、完善的产品生产线及覆盖广泛的多渠道销售网络，通过持续加强设计研发创新、不断改进产品生产工艺，公司集成灶产品的油烟处理性能和外观设计赢得了市场的认可，“亿田”品牌集成灶已成为深受消费者喜爱的厨房电器产品之一。,stock@entive.com,"公司专业从事集成灶等现代新型厨房电器产品的研发,生产和销售,公司主要产品为集成灶,此外公司还向消费者提供吸油烟机,燃气灶,集成水槽,洗碗机等其他厨房电器产品.",孙吉,浙江,10666.67,沈海苹,20030925,www.entive.com,亿田智能,0,SZSE,SZSE,家具制造,10220,-,家具制造,10220010,7038623000,25.33,61.63,¥62.82,周期性消费,102,0.0,300,10200,0.0,10000.0,300,0.0,0.0,1.0,64.09,39.12,47.84,31.31,2020-12-31T05:00:00Z,{1_trade_buy},{trade_buy},2020Q4_1748926
300910,2020Q4_1748925,河南省新乡市新乡县大召营镇(新获路北),信息记录材料、油品添加剂材料、聚烯烃抗氧剂、重烷基苯磺酸(不含易燃易爆有毒及化学危险品)生产、销售；对外贸易经营。(依法须经批准的项目，经相关部门批准后方可开展经营活动),郭春萱,新乡市,公司在精细化工新材料领域深耕发展，凭借技术优势和产品优势，已发展成为国内领先的润滑油添加剂供应商和全球主要的无碳纸显色剂供应商。公司主要从事油品添加剂、无碳纸显色剂等精细化工系列产品的研发、生产和销售。公司拥有比较完善的生产设备和生产技术工艺，凭借技术优势和产品优势，已发展成为国内领先的润滑油添加剂供应商和全球主要的无碳纸显色剂供应商。公司产品为精细化工品，按用途可以分为润滑油添加剂、无碳纸显色剂两大类。其中润滑油添加剂又分为单剂和复合剂。单剂产品通常对于润滑油的性能改善只具有单一的功效，单剂产品主要有清净剂、分散剂、抗氧抗腐剂、高温抗氧剂等；复合剂通常具有复合效应，主要为多种上述单剂产品与不同类型的基础油混合加工而成。公司整体技术水平国内领先，目前拥有多项国内外发明专利。公司掌握多项业界领先的核心技术，目前已获得授权国内发明专利9项、国外发明专利3项、实用新型专利3项，并有多项国内外发明专利正在申请中。,zqb@sinoruifeng.com,"公司主要从事油品添加剂,无碳纸显色剂等精细化工系列产品的研发,生产和销售.公司产品为精细化工品,按用途可以分为润滑油添加剂,无碳纸显色剂两大类.",郭春萱,河南,15000.0,尚庆春,19961111,www.sinoruifeng.com,瑞丰新材,0,SZSE,SZSE,化工,10130,-,化学制品,10130010,12110288000,8.73,28.8,¥81.82,基础材料,101,0.0,500,22700,0.0,10000.0,500,0.0,0.0,1.0,107.56,62.0,78.75,3.9,2020-12-31T05:00:00Z,{1_trade_buy},{trade_buy},2020Q4_1748925
300909,2020Q4_1748924,广东省深圳市宝安区石岩街道爱群路同富裕工业区2-2栋,兴办实业(具体项目另行申报)；国内贸易；进出口业务；房屋租赁。(以上均不含法律、行政法规、国务院决定规定需前置审批和禁止的项目)。研发、生产、销售电子开关、金属薄膜按键、导光膜、背光模组、数码配件、皮套键盘。,李明,深圳市,"公司是国家级高新技术企业和深圳市高新技术企业,专注于导光结构微纳米热压印生产工艺的自主研发，具备较强的技术实力和研发能力,通过自身在光学微结构设计、微纳米压印模具开发、自动化制造等核心环节多年积累的技术优势，为公司产品在输入设备导光结构件及组件、精密按键开关结构件及组件等细分业务领域取得竞争优势奠定了坚实基础。公司的研发能力、生产管理水平、产品质量已得到了下游客户的广泛认可，在笔记本电脑输入设备背光领域先后通过了群光电子、达方电子、光宝科技、精元电脑等全球知名笔记本电脑键盘制造商的合格供应商认证，为其提供笔记本电脑键盘背光模组产品，并最终应用于联想、惠普、戴尔、华硕等全球主流笔记本电脑品牌；同时公司也为华为、OPPO、VIVO、诺基亚、小米、中兴等全球知名手机制造商提供导光膜、金属薄膜开关等功能性结构件、组件，并将金属薄膜开关应用领域延伸至Click Pad，得到了下游笔记本电脑键盘厂商的认可；公司成功研发生产了超小型防水轻触开关，突破了国外超小型防水轻触开关的技术壁垒，实现了国内相关产品的进口替代。",xuwenlong@cn-hcd.com;ir@cn-hcd.com;kangqin@cn-hcd.com,"研发,生产,销售电子开关,金属薄膜按键,导光膜,背光模组;数码配件;皮套键盘;兴办实业(具体项目另行申报);国内贸易,进出口业务;房屋租赁.(以上均不含法律,行政法规,国务院决定规定需前置审批和禁止的项目).",李明,广东,10090.67,许文龙,20040202,www.hcdtechnology.com,汇创达,0,SZSE,SZSE,工业制品,31070,-,电子器械和零件,31070060,4121021000,-6.02,-22.89,¥40.81,工业,310,0.0,400,15700,0.0,10000.0,400,0.0,0.0,1.0,90.17,52.01,67.09,-39.17,2020-12-31T05:00:00Z,{1_trade_buy},{trade_buy},2020Q4_1748924
300908,2020Q4_1748923,河南省南阳市西峡县工业大道北段211号,调味品、食品添加剂【辣椒油树脂、食品用香精、食品用天然香料】、水果制品(果酱)、蔬菜制品【食用菌制品(干制食用菌)】、食用植物油、方便食品、罐头制品生产、销售；农业初级产品种植、加工、储存、购销；自营和代理各类货物和技术的进出口业务*(依法需经批准的项目，经相关部门批准后方可开展经营活动),孙耀志,南阳市,公司自2002年成立以来，持续进行调味配料的研发、生产和销售，是国内采用超临界CO2萃取技术生产调味配料的主要生产商之一。公司主营业务为研发、生产、销售调味配料和调味食品。调味配料以花椒、辣椒等香辛植物提取物为代表，调味食品以仲景香菇酱、劲道牛肉酱、仲景调味油为代表。公司以“让健康有滋有味”为使命，以产品差异化为竞争策略，通过不断的品类创新和风味技术创新，实现企业的发展壮大。公司坚持走技术创新、产品创新之路。先后获批建立了“河南省香菇加工工程技术研究中心”、“食品风味物质提取技术河南省工程实验室”、“河南省企业技术中心”。经中国食品科学技术学会鉴评，公司仲景香菇酱系列产品属国内首创，整体技术达到国内领先水平；香菇调味料关键技术研究和产业化应用项目具有原始创新特征；新型香辛料加工关键技术集成与产业化项目整体技术达到国内领先水平。,zhongjing@zhongjing.com.cn,"公司主营业务为研发,生产,销售调味配料和调味食品..主要产品;仲景香菇酱系列,超临界香辛食品配料系列.主要产品为以花椒,辣椒系列为代表的调味配料和以仲景香菇酱,劲道牛肉酱,仲景调味油为代表的调味食品.",朱新成,河南,10000.0,王飞,20020929,www.zhongjing.com.cn,仲景食品,0,SZSE,SZSE,农副加工食品,20525,-,加工食品,20525040,6315599000,-2.59,-19.57,¥60.95,非周期性消费,205,0.0,300,17200,0.0,10000.0,300,0.0,0.0,1.0,120.8,77.3,95.68,-36.3,2020-12-31T05:00:00Z,{1_trade_buy},{trade_buy},2020Q4_1748923
300887,2020Q4_1748913,北京市海淀区锦带路66号院1号楼4层至5层101,"技术开发、技术推广；技术检测；检验、检疫、验货、医疗器械检验的技术服务；计量服务；计量仪器与设备的技术咨询；货物进出口、技术进出口、代理进出口；环境监测；计算机技术培训；出租商业用房；出租办公用房；技术咨询、技术交流；清洁服务；认证服务；货物专用运输(冷藏保鲜)(道路运输经营许可证有效期至2021年09月11日)。(市场主体依法自主选择经营项目,开展经营活动；依法须经批准的项目,经相关部门批准后依批准的内容开展经营活动；不得从事国家和本市产业政策禁止和限制类项目的经营活动。)。",张英杰,北京市,公司是大型综合性检测机构，具备为客户提供综合化、一站式检测服务的能力，检测报告得到美国、英国、德国等71个国家和地区互认，具有国际公信力。公司可提供的检测服务范围涵盖健康与环保、贸易符合性、商品质量鉴定及安全保障等四大领域，涉及农林牧渔业，食品医药业，采矿业，制造业，电力、燃气及水的生产和供应业，建筑业，交通运输业，住宿和餐饮业，水利、环境和公共设施管理业等众多行业。公司为宝洁、摩托罗拉、三星、戴尔、可口可乐、肯德基、麦当劳等众多国际知名企业提供检测服务。公司是中国电子信息产品污染防治标准工作组成员，参与了多项国内RoHS检测方法、国家标准及行业标准的制定及修订工作，连续四年荣膺德勤“高科技、高成长中国50强”及“亚太区高科技、高成长500强”。,IR@ponytest.com,"主营业务为:检验检测,计量,认证及相关技术服务,业务范围涵盖健康与环保,电子及安规,消费品质量鉴定,安全保障等.",张英杰,北京,13680.0,李小冬,20020610,www.ponytest.com,谱尼测试,0,SZSE,SZSE,商业服务,31020,-,特种商业服务,31020010,10978843000,56.33,87.04,¥81.15,工业,310,0.0,360,15600,0.0,10000.0,360,0.0,0.0,1.8,65.72,42.11,53.06,52.94,2020-12-31T05:00:00Z,{1_trade_buy},{trade_buy},2020Q4_1748913
605179,2020Q4_1748955,浙江省温州市平阳县一鸣工业园,一般项目：家用电器销售；日用品销售；厨具卫具及日用杂品批发；玩具销售；塑料制品销售；印刷专用设备制造；塑料加工专用设备制造(除依法须经批准的项目外，凭营业执照依法自主开展经营活动)。许可项目：食品生产；食品经营；食品互联网销售；餐饮服务；包装装潢印刷品印刷；特定印刷品印刷(依法须经批准的项目，经相关部门批准后方可开展经营活动，具体经营项目以审批结果为准)。,朱立科,温州市,公司主要从事新鲜乳品与烘焙食品的研发、生产、销售及连锁经营业务。其中，乳品主要包括低温巴氏杀菌乳、风味发酵乳、低温调制乳及蛋奶、热奶等特色乳饮品，烘焙食品包括各式短保质期的面包、米制品、中式糕点等。公司产品以“新鲜、健康、营养”为定位，乳品保质期通常在15天以内、烘焙食品保质期通常在3天以内，公司产品主要通过“一鸣真鲜奶吧”专业食品连锁门店进行销售。公司以“新鲜健康的食品、真诚永远的服务”为品牌理念，始终专注于各式新鲜乳品与烘焙食品的研发、制造与销售，以及奶吧连锁经营模式的探索与升级。以“牛奶+面包”的“营养早餐”为起点，公司逐步增加各式鲜牛奶、风味酸奶、三明治等产品，如先后开发了满足营养需求的“真鲜蛋奶”、适于国人温热饮食习惯的“热奶”及可加热饮用的“温酸奶”等畅销创新产品。未来，公司将通过在特种菌株上的基础研发、微生物发酵技术上的工艺改良、饮食口味上的产品创新，持续推出新鲜、健康、营养并满足消费升级饮食需求的新产品。,82091418@qq.com;1009363539@qq.com;inmfood@yi-ming.cn,"主要从事新鲜乳品与烘焙食品的研发,生产,销售及连锁经营业务.其中,乳品主要包括低温巴氏杀菌乳,风味发酵乳,低温调制乳及蛋奶,热奶等特色乳饮品,烘焙食品包括各式短保质期的面包,米制品,中式糕点等.",朱立科,浙江,40100.0,林益雷,20050913,www.inm.cn,一鸣食品,0,SHSE,SHSE,农副加工食品,20525,-,加工食品,20525040,6941387000,-13.4,-0.85,¥17.17,非周期性消费,205,0.0,900,16600,0.0,10000.0,900,0.0,0.0,1.0,17.66,14.59,16.1,6.65,2020-12-31T05:00:00Z,{1_trade_buy},{trade_buy},2020Q4_1748955
300918,2020Q4_1748929,山东省烟台市龙口市东江镇南山工业园,高档织物面料的纺、织染及后整理加工和服装、服饰研发、生产(不含国家纺织品配额管理的商品)，羊毛洗毛、制条；特种劳动防护用品(防静电服、酸碱类化学品防护服、阻燃服)的生产；并销售及网上经营公司上述所列自产产品；新材料科技开发、技术开发、技术推广、技术转让；企业管理服务；国内展览展销服务；货物及技术的进出口业务(国家限定或禁止的除外)；仓储服务(不含危险化学品)；纺织原料与纺织品的检测检验。(依法须经批准的项目，经相关部门批准后方可开展经营活动),赵亮,烟台市,公司集纺织服饰智能制造与品牌运营为一体，主营业务为精纺呢绒及正装职业装的研发、设计、生产与销售。公司拥有完善的毛纺织服饰产业链，涵盖了集面料研发、毛条加工、染色、纺纱、织造、后整理于一体的精纺呢绒业务体系，以及集成衣研发、设计、制造、品牌运营于一体的服装业务体系。公司为国内精纺呢绒、正装职业装领军企业，“南山”牌精纺呢绒、“缔尔玛”牌职业装先后被国家工商总局认定为中国驰名商标。公司为精梳毛机织物单项冠军示范企业，“缔尔玛”牌职业装先后获评“中国职业装十大顶级品牌”、“中国服装成长品牌”。公司是国家级高新技术企业、中国纺织工业联合会认定的纺织技术创新示范企业，公司检测中心是中国合格评定国家认可委员会认可的实验室。公司凭借自身的科技实力与市场影响力，多次参与制定了纺织领域国家及行业技术标准。截至本招股说明书签署日，公司已形成专利71项，其中发明专利24项，获得山东省科技进步奖3次、中国纺织行业专利奖优秀奖2次。,zhaohoujie@nanshan.com.cn;rfzzqb@nanshan.com.cn,"主营业务为精纺呢绒及正装职业装的研发,设计,生产与销售.",赵亮,山东,36000.0,赵厚杰,20070429,www.nanshanchina.com,南山智尚,0,SZSE,SZSE,服饰加工,10240,-,纺织加工,10240010,3556793000,-14.77,-16.2,¥9.84,周期性消费,102,0.0,1100,9500,0.0,10000.0,1100,0.0,0.0,1.0,17.6,11.91,14.08,-30.11,2020-12-31T05:00:00Z,{1_trade_buy},{trade_buy},2020Q4_1748929
300879,2020Q4_1748908,浙江省宁波市余姚市锦凤路58号,"园林机械及配件、农业机具、园林机具、电动工具、清洁设备、电器配件、电机、电子元器件、汽油机及模具的制造、加工、测试。自营和代理各类货物和技术的进出口,无进口商品分销业务。(不涉及国营贸易管理商品,涉及配额、许可证管理商品的,按国家有关规定办理申请。)(不涉及外商投资准入特别管理措施范围。)(依法须经批准的项目，经相关部门批准后方可开展经营活动。)",叶晓波,宁波市,公司是国内园林机械行业领先企业，割草机龙头企业，是中国电器工业协会电动工具分会副理事长单位，是浙江省安监局认可的安全生产标准化二级企业(机械)，是中国内燃机工业协会公布的中国内燃机及零部件行业排头兵企业，获得过国际环保署颁发的低碳制造计划铂金奖证书。自2009年起被评为高新技术企业，拥有浙江省企业技术中心、省级工业设计中心，公司实验室为德国TUV南德集团授权认可的目击电气测试实验室。公司的“自走式高效环保园林汽油割草机”和“低排放低噪音轻型化二冲程汽油割灌机”被列入国家火炬计划产业化示范项目，割草机产品是中国林业机械协会“向社会推荐产品”。以自主研发实力和产品质量为基础，公司还致力于推动行业规范健康发展，负责制定或参加起草国家和行业标准8项，是中国林业机械标准化技术委员会委员单位。公司已经成为国际园林机械行业中具有较高知名度的ODM生产商，在生产技术、产品品质、制造规模等方面具有较高的市场地位，产品销往德国、法国、波兰、荷兰、俄罗斯、英国、加拿大、澳大利亚等全球50多个国家和地区，积累了一批优质客户资源，主要客户包括安达屋集团、牧田、富世华集团、翠丰集团、HECHT、百力通等。,zjb01@dayepower.com,"主要从事割草机,打草机/割灌机,其他动力机械及配件的研发设计,生产制造和销售.",叶晓波,浙江,16000.0,吴军,20060217,www.dayepower.com,大叶股份,0,SZSE,SZSE,工业制品,31070,-,工具和配件,31070050,3536212000,-16.73,-21.45,¥21.44,工业,310,0.0,500,12600,0.0,10000.0,500,0.0,0.0,1.0,69.99,27.74,36.43,-41.15,2020-12-31T05:00:00Z,{1_trade_buy},{trade_buy},2020Q4_1748908
003030,2020Q4_1748895,浙江省杭州市滨江区江陵路77号,生产：豆制品(非发酵性豆制品、其他豆制品)，饮料(蛋白饮料类)，蛋制品(其他类)，果冻，淀粉及淀粉制品(淀粉制品)，罐头(其他罐头)；批发、零售(含网上销售)：食品，初级食用农产品(除药品)；服务：豆制品、豆制品设备的技术开发、技术咨询、成果转让，豆制品检测；收购本企业生产所需的原辅材料(限直接向第一产业的原始生产者收购)；货物进出口(法律、行政法规禁止经营的项目除外，法律、行政法规限制经营的项目取得许可后方可经营)；其他无需报经审批的一切合法项目。(依法须经批准的项目，经相关部门批准后方可开展经营活动),蔡祖明,杭州市,公司从创建至今，一直秉持“做健康食品，关注人类健康”的理念，凭借优质的产品和完善的服务，产品深耕江浙沪地区并且覆盖国内绝大多数省、自治区和直辖市，客户涵盖大润发、欧尚、永辉、世纪联华、华润万家、物美、三江超市、家乐福等大中型超市，海底捞、外婆家、老娘舅、杨国福等知名餐饮机构，盒马鲜生、叮咚买菜、每日优鲜等生鲜专营新零售平台，赢得了消费者和市场的高度认可。公司是江浙沪地区的豆制品领导品牌之一，是CAC国际标准以及国家标准、多个行业标准起草单位之一。近年来，公司先后获得下列主要荣誉或称号：“中国驰名商标”“浙江省著名商标”“中国绿色食品博览会金奖”“中国豆制品质量安全示范单位”“浙江省名牌产品”“浙江省知名商号”“浙江农博十大企业知名品牌农产品”“G20杭州峰会食材总仓供应企业”公司产品先后获得下列主要荣誉或称号：“第十四届、第十六届中国国际农产品交易会参展农产品金奖”“中国豆制品行业科技进步奖一等奖”“长江三角洲地区名优食品”。,zumingzqb@chinazuming.cn,"主营业务为豆制品的研发,生产和销售,主要产品为生鲜豆制品,植物蛋白饮品,休闲豆制品等",蔡祖明,浙江,12478.0,高锋,20000218,www.chinazuming.cn,祖名股份,0,SZSE,SZSE,农副加工食品,20525,-,加工食品,20525040,3430347000,-19.94,0.0,¥27.66,非周期性消费,205,0.0,500,7300,0.0,10000.0,500,0.0,0.0,1.0,0.0,0.0,0.0,0.0,2020-12-31T05:00:00Z,{1_trade_buy},{trade_buy},2020Q4_1748895
300925,2020Q4_1748932,广东省深圳市南山区西丽街道松坪山社区高新北六道15号昱大顺科技园B座1层-6层,一般经营项目：计算机软硬件、程序编制；互联网软件的技术开发、技术咨询、技术服务、技术转让；硬件嵌入式软件及系统周边的技术研发与系统集成、技术咨询；技术服务进出口；数据处理服务、企业管理服务；翻译咨询、翻译服务。许可经营项目：增值电信业务。,严华,深圳市,公司是一家致力于为客户提供专业的信息技术外包(ITO)服务的提供商。公司基于对信息技术的研究与开发，结合客户的业务场景，为客户在信息化和数字化进程中的不同需求提供软件技术外包服务。公司自设立以来，主营业务未发生重大变化。经过多年的研发技术积累、行业经验沉淀、组织管理优化和业务市场开拓，结合强有力的客户管理能力，公司已经与金融、互联网、软件、通信、房地产、航空物流、制造业、批发零售等多个行业的客户形成长期而稳定的合作关系。,zqtz@farben.com.cn,"公司基于对信息技术的研究与开发,结合客户的业务场景,为客户在信息化和数字化进程中的不同需求提供软件技术外包服务.",严华,广东,22009.92,黄照程,20061108,www.farben.com.cn,法本信息,0,SZSE,SZSE,软件,31110,-,软件和信息技术服务,31110010,5436166000,16.57,-7.54,¥24.36,科技,311,0.0,680,13200,0.0,10000.0,680,0.0,0.0,1.7,31.18,27.71,29.44,-17.26,2020-12-31T05:00:00Z,{1_trade_buy},{trade_buy},2020Q4_1748932
300922,2020Q4_1748931,河北省秦皇岛市海港区经济技术开发区雪山路5号,机电设备、电子专用设备生产与技术开发、打印机、海水淡化设备、水处理及环保专用设备、金属及非金属材料、复合材料的技术开发、技术咨询、技术服务、技术转让与生产；塑料制品、金属制品、复合材料制品及包装制品、计算机辅助设备的技术开发与生产、销售；打印机用墨水、墨粉、墨盒、硒鼓、打印丝的生产；模具设计、制造及维修、机械零配件的生产；水处理工程设计及施工；计算机外围设备、办公用机械、其他化工产品、五金产品、建材的销售；货物及技术进出口；帐篷及附属设备、睡袋、充气垫、饮水囊、软体储水罐、携行具、野营装备、伪装网、防护伪装器材、体育用品及器材、救生衣、救生圈、家具、货架、安防用具、取暖炉、机械零部件、箱包、冲锋舟配件、油桶、滑油注入器、无人机配件、金属箱的加工、设计、销售；金属丝绳及其制品、绳、索、缆制造、销售；计算机及软件、计算机辅助设备、电子产品、通讯终端设备、其他机械设备、发电机及发电机组、装卸搬运设备、通风除湿设备的销售；安全技术防范系统的设计、安装、维修；消防工程**(依法须经批准的项目，经相关部门批准后方可开展经营活动),宋金锁,秦皇岛市,公司立足防护装置的研发制造，始终坚持自主创新和高端制造的发展战略，积极响应国家“中国制造2025”、“军民融合”等战略规划，公司主要从事以高分子复合材料的新型加工和应用技术为核心的军用防护装置及装备零部件的研发、生产和销售，系军品防护领域的核心供应商，发行人所属行业为国家重点扶持的战略新兴产业。报告期内，公司主要收入来源于军品，主要产品及服务包括专用防护装置、装备零部件、技术服务及其他等，其中专用防护装置是公司最主要的产品。公司产品不仅广泛服务于陆、海、空及火箭军等多军种军工装备领域，也可应用于民用防护领域，属军民两用产品。公司为国家高新技术企业，且已获得军方及行业主管部门对从事军工配套业务相关的许可和认证。2015年，凭借对多项大口径弹药防护装置的技术攻关，公司被河北省国防科学技术协会、河北省兵工协会评为“兵工行业先进单位”；2016年，凭借公司研发团队多年的科研成果及公司整体在国防科技工业协作配套工作中的贡献，获得河北省总工会授予的“河北省五一劳动奖章”。,qhdtqgs@163.com,"主要从事高性能工程塑料及其制品,树脂基复合材料及其制品的设计,开发,生产与销售;主要产品包括专用防护装置和装备零部件.",张澎,河北,11200.8,王素荣,19960321,www.tianqin.net.cn,天秦装备,0,SZSE,SZSE,化工,10130,-,特种化学制品,10130020,3675734000,-8.29,-14.94,¥34.70,基础材料,101,0.0,300,9100,0.0,10000.0,300,0.0,0.0,1.0,40.32,35.8,38.07,-8.85,2020-12-31T05:00:00Z,{1_trade_buy},{trade_buy},2020Q4_1748931
300886,2020Q4_1748912,安徽省安庆市潜山市舒州大道42号,香精、香料、油田助剂、炼油助剂、金属加工助剂、纺织助剂、水处理剂、精细化工产品(不含危险化学品)开发、生产、销售(涉及行政许可项目凭有效许可证经营)。,徐基平,安庆市,公司自设立以来，公司一直专注于经营香料业务，主要从事内酯系列合成香料的研发、生产和销售，主营业务突出。公司自设立以来，始终坚持以市场为导向，以客户为目标，以技术创新打造核心竞争力，坚持走“创新、协调、绿色、开放、共享”的发展道路，打造行业高端品牌。公司为国家高新技术企业，拥有省级认定的企业技术中心、安徽省院士工作站。公司通过技术研究、工艺绿色化改造、副产物开发、资源综合利用等集成创新实现了“传统产品+新工艺”，进一步提升了内酯类香料的市场竞争力，产品在国际市场上具有竞争优势。公司为中国香料香精化妆品工业协会副理事长单位，在由中国轻工业联合会发布的2017年度“中国轻工业香料行业十强企业”评选中，公司位列第七名；公司还被中国香化协会授予“中国香料香精化妆品行业优秀企业奖”、“2016年度香料香精优秀品牌企业”等荣誉称号。,info@anhuihuaye.com,"主要产品为丙位内酯,丁位内酯系列合成香料,主要从事内酯系列合成香料的研发,生产和销售.",徐基平,安徽,7455.5,付林,20020712,www.anhuihuaye.com,华业香料,0,SZSE,SZSE,化工,10130,-,化学制品,10130010,2227711000,-13.36,-19.19,¥29.69,基础材料,101,0.0,130,6700,0.0,10000.0,130,0.0,0.0,1.3,70.6,36.04,48.7,-39.03,2020-12-31T05:00:00Z,{1_trade_buy},{trade_buy},2020Q4_1748912
605277,2020Q4_1748956,浙江省温州市乐清市北白象镇温州大桥工业园区,研发、制造、销售：自动化办公设备、智能家居、消费电子精细线材，工业控制线材，精密医疗器械线材，机器人高柔性线材，新能源应用线材，信息设备、通讯传输、计算机及云服务器用高频高速数据线材，汽车和航空航天等行业应用线材；环保高分子材料(塑胶颗粒)；线材性能检测及技术咨询；环保检测、环保检测技术咨询及技术服务；货物进出口、技术进出口。(依法须经批准的项目，经相关部门批准后方可开展经营活动)。,赵战兵,温州市,公司一直致力于精细电子线材的研发、制造和销售。公司隶属于中国电子元件行业协会光电线缆及光器件分会，主要生产消费电子及工业控制线材、汽车电子线材、高频数据线材和特种线材等系列产品。公司主导产品广泛应用于家用电器、计算机、智能化办公、工业控制设备、汽车电子、数据服务器及新能源科技等领域。公司一贯坚持高端市场发展战略，面向国际知名终端客户，凭借自身可靠性优、一致性好和性价比高的产品，以及研发快速响应、持续改进、及时交货、精准服务等综合优势，逐步打破了精细电子线材高端市场由日立、住友、百通等国际品牌垄断的局面，实现进口替代，努力推动高端精细电子线材国产化进程。经过二十多年的发展历程，公司已成为中国消费电子线材细分行业的龙头企业。2018年，公司主导产品荣获中华人民共和国工业和信息化部、中国工业经济联合会颁发的《制造业单项冠军产品证书(2019年-2021年)》。,xyzqb@xinya-cn.com,"致力于精细电子线材的研发,制造和销售.主要生产消费电子及工业控制线材,汽车电子线材,高频数据线材和特种线材等系列产品.",赵战兵,浙江,13344.0,黄娟,19870407,www.xinya-cn.com,新亚电子,0,SHSE,SHSE,工业制品,31070,-,电子器械和零件,31070060,2700827000,-10.12,0.0,¥20.25,工业,310,0.0,500,8600,0.0,10000.0,500,0.0,0.0,1.0,0.0,0.0,0.0,0.0,2020-12-31T05:00:00Z,{1_trade_buy},{trade_buy},2020Q4_1748956
300882,2020Q4_1748910,浙江省台州市天台县福溪街道兴业东三街15号,智能化管理系统开发应用，智能化安装工程服务，架线和管道工程建筑施工，信息技术咨询服务，电子式智能电能表、用电信息采集产品，低压电力成套设备、电力监测及控制设备、配网自动化设备、智能水表、热量表、燃气仪表及设备、暖通仪表及设备、流量仪表、水电气热计量自动化管理终端、云平台的水、电、气、热能源收费服务系统、社会公共安全设备及器材、逆变器、智能电容器及无功补偿装置、电能计量箱、配电箱、计算机、通信和电子设备、充电设备、充电装置检测设备、智能断路器、智能开关、建筑安全用金属制品、智能插头、插座及产品组件的研发、制造、销售，物联网服务、信息系统集成、电力电气工程的安装施工和运维，货物和技术进出口。(依法须经批准的项目，经相关部门批准后方可开展经营活动),邬永强,台州市,公司是国家高新技术企业，主要从事智能电表、用电信息采集系统等产品的研发、生产和销售，致力于为国内外电力等行业客户提供专业化的计量产品，是国内电能仪表计量领域的领先企业之一，并积极进行智能水表、多表合一类产品的研发及应用。公司目前产品主要为包括单相智能表、三相智能表在内的智能电表以及包括集中器、采集器、专变采集终端等在内的用电信息采集系统产品，广泛应用于智能电网建设中的智能用电环节。智能电表是智能电网终端的重要组成部分，除具备传统电能表基本用电量的计量功能外，智能电表还具有多费率计量、用户端控制、预付费、防窃电、负荷记录、多种双向通讯方式等多项功能，实现智能电网和用户之间的双向沟通，并积极助力于国家智能电网实现“全覆盖、全采集、全费控”目标。2018年，公司在国家电网智能电表类产品的中标量总排名进入前五，其中，单相智能表中标量排名第四位。公司自2016年起，持续入围南方电网智能电表招标。发行人经过长期发展，凭借优秀的产品质量、先进的技术实力、良好的服务能力，成为国内智能电表和用电信息采集系统的重要供应商之一，并积极拓展国际市场。,irm@wellsun.com,"产品主要为包括单相智能表,三相智能表在内的智能电表以及包括集中器,采集器,专变采集终端等在内的用电信息采集系统产品,主要从事智能电表,用电信息采集系统等产品的研发,生产和销售.",邬永强,浙江,20442.94,陈东滨,19970721,www.wellsun.com,万胜智能,0,SZSE,SZSE,硬件,31120,-,科技仪器,31120060,3123761000,-9.54,-25.46,¥15.17,科技,311,0.0,520,11300,0.0,10000.0,520,0.0,0.0,1.3,0.0,0.0,0.0,0.0,2020-12-31T05:00:00Z,{1_trade_buy},{trade_buy},2020Q4_1748910
300902,2020Q4_1748922,福建省厦门市集美区灌口镇后山头路39号,研发、制造、销售：安全应急产品、消防器材、汽车安全制品(以上项目凭资质证书生产经营)、化工产品(不含须经前置许可的项目)；消防工程的设计与施工；经营各类商品和技术的进出口(不另附进出口商品目录)，但国家限定公司经营或禁止进出口的商品及技术除外；消防技术服务、商务信息咨询；企业管理策划、企业营销策划；物业管理。,洪伟艺,厦门市,公司是国内交通运输、电力电网行业自动灭火系统的主要供应商之一，长期专注于火灾早期探测预警、自动灭火技术的研究与应用开发，形成了具有自主知识产权的火灾早期预警与自动灭火技术，已掌握以“超细干粉”、“混合气体”、“水基型灭火剂”为介质及“压缩空气泡沫”等多项核心灭火技术，形成了丰富的技术储备。公司目前主要为客车发动机舱、新能源汽车锂电池箱、客车乘客舱、变电站电缆、新能源发电站、城市电力电缆及通道、城市地下综合管廊等场景提供专业性强、品质优良的安全应急产品，产品能够满足不同领域的消防防护需求。通过创新、前瞻地开展先进技术的研发和布局，公司将研发成果不断转换为市场可应用的产品。目前，公司正在拓展特高压换流站、室内外大型变压器、新能源储能站、石化园区等领域的智慧消防整体解决方案。公司经过多年创新积累，高效自动灭火技术已逐步推广至多个下游需求领域，形成了较为明显的技术与产品领先优势，已成为火灾智能化早期预警和自动灭火的领先企业。,touzibu@gad5119.com,"安全应急产品,消防器材,汽车安全制品的研发,制造以及销售.主要产品:超细干粉自动灭火装置,电池箱专用自动灭火装置,乘客舱固定灭火系统等安全应急产品.",洪伟艺,福建,12798.0,连剑生,20080110,www.gad5119.com,国安达,0,SZSE,SZSE,商业服务,31020,-,安保服务,31020040,2865437000,-18.55,-31.07,¥22.21,工业,310,0.0,600,13400,0.0,10000.0,600,0.0,0.0,1.0,61.8,32.89,46.34,-52.07,2020-12-31T05:00:00Z,{1_trade_buy},{trade_buy},2020Q4_1748922
300881,2020Q4_1748909,江苏省常州市钟楼区邹区镇工业大道工业路48-1号,无缝钢管、不锈钢管、镍基合金制造及销售；自营和代理各类商品及技术的进出口业务(国家限定企业经营或禁止进出口的商品和技术除外)。(依法须经批准的项目，经相关部门批准后方可开展经营活动),周文庆,常州市,公司主要从事各类工业用能源设备类无缝钢管的生产、研发和销售，产品主要应用于电站锅炉设备制造、石油炼化等行业，客户包括上海锅炉厂、哈尔滨锅炉厂、东方锅炉等国内大型电站锅炉制造企业以及中石化、中海油等大型石油炼化企业。公司生产的无缝钢管按照材质分类，主要包括合金钢钢管、不锈钢钢管和碳钢钢管；产品外径覆盖16mm-159mm、长度覆盖6m-18m的各种型号。公司产品主要用于电站锅炉设备领域与石油炼化领域。公司2009年起连续被评为高新技术企业，目前在小口径电站锅炉用合金钢领域拥有很强的行业竞争力。根据中国钢结构协会钢管分会的数据，公司生产的小口径高压锅炉用无缝钢管产量2014年、2015年和2016年连续3年在国内同行业中排名第一。,webmaster@shengdechina.com,"公司主营业务包括研发,生产并销售合金钢,不锈钢和碳素钢无缝钢管以及钢格板类产品.公司生产的无缝钢管按照材质分类,主要包括合金钢钢管,不锈钢钢管和碳钢钢管.",缪一新,江苏,10000.0,周阳益,20011015,www.shengdechina.com,盛德鑫泰,0,SZSE,SZSE,钢铁和焦煤,10160,-,钢铁,10160020,3073659000,-14.54,-9.82,¥30.40,基础材料,101,0.0,300,10000,0.0,10000.0,300,0.0,0.0,1.0,77.99,31.75,42.11,-27.81,2020-12-31T05:00:00Z,{1_trade_buy},{trade_buy},2020Q4_1748909
300864,2020Q4_1748905,江苏省南京市鼓楼区金银街16号科学楼9楼,环境保护与生态修复技术研发、工程设计与咨询、工程总承包与运营；企业管理与咨询；环保设备生产和销售；环境影响评价；环境监理；环境检测；环境规划与设计；环境政策咨询及培训；水利规划、设计与咨询；安全管理咨询与技术服务；环境损害鉴定与评估；危害特性鉴别。(依法须经批准的项目，经相关部门批准后方可开展经营活动),陆朝阳,南京市,公司定位为专业的环境服务商，致力于为政府客户和企业客户提供高效、科学、整体的环境解决方案，主要服务包括环境调查与鉴定、建设项目环评、环境研究与规划、环境工程承包、环境工程设计与监理以及环境污染第三方治理等。公司为南京大学控股的国家级高新技术企业，经营和核心技术团队均为该领域的行业专家，在环境科学与技术领域拥有深厚的积累与沉淀。目前，公司已建有江苏省区域流域环境综合治理工程技术研究中心、南京市挥发性有机废气工程研究中心和“国家级博士后工作站”分站等高水平研发平台，在环境综合治理、污染控制、环境修复等领域拥有多项自主知识产权。同时，作为科技型环境服务类企业，公司高度重视技术研发和人才培养，经过多年的技术研发、业务实践应用积累，培养出了一批行业内优质人才，并打造了基于自身业务案例和项目经验形成的成熟的行业案例数据库，具有较强的竞争优势。,dmb@njuae.cn,"致力于为政府客户和企业客户提供高效,科学,整体的环境解决方案,主要服务包括环境调查与鉴定,建设项目环评,环境研究与规划,环境工程承包,环境工程设计与监理以及环境污染第三方治理等.",陆朝阳,江苏,9120.0,李良,20120803,www.njuae.cn,南大环境,0,SZSE,SZSE,教育,20540,-,教育培训服务,20540010,4780326000,12.81,9.05,¥51.78,非周期性消费,205,0.0,380,15100,0.0,10000.0,380,0.0,0.0,1.9,94.63,47.36,61.84,-16.27,2020-12-31T05:00:00Z,{1_trade_buy},{trade_buy},2020Q4_1748905
300876,2020Q4_1748906,广东省揭阳市揭东区揭东城西片工业区,生产、销售：超细旦纤维丝、高强纤维丝、各种化纤丝、化纤材料及其制品；货物进出口、技术进出口。(以上各项，法律、行政法规和国务院决定禁止的不得经营；法律、行政法规和国务院决定限制的须取得许可方可经营)。(依法须经批准的项目，经相关部门批准后方可开展经营活动)。,郭清海,揭阳市,公司专业从事聚丙烯纤维的研发、生产和销售，聚丙烯纤维商品名为丙纶。公司主要产品为丙纶长丝。凭借公司管理团队在聚丙烯纤维行业二十多年丰富的技术、生产经验和客户资源积累，公司产品应用已广泛覆盖了工业领域和民用领域。目前，公司产品在工业领域应用范围主要为工业滤布、工程土工布等，在民用领域应用范围主要为箱包织带、水管布套、门窗毛条、服装等。公司为高新技术企业，高度重视研发投入，研发了多种差别化丙纶长丝，获得了多项荣誉，具体如下：2018年“蒙泰丝”品牌细旦抑菌聚丙烯纤维入围“中国纤维流行趋势2018/2019”；2017年国家功能性聚丙烯纤维研发生产基地、2017年度中国纺织工业联合会产品开发贡献奖、广东省聚丙烯纤维新材料工程技术研究中心。,zqb@gdmtxw.com,"公司专业从事聚丙烯纤维的研发,生产和销售,聚丙烯纤维商品名为丙纶.公司主要产品为丙纶长丝.",郭清海,广东,9600.0,朱少芬,20130906,www.gdguangdong.com,蒙泰高新,0,SZSE,SZSE,服饰加工,10240,-,纺织加工,10240010,3491436000,9.3,-4.57,¥37.96,周期性消费,102,0.0,300,11200,0.0,10000.0,300,0.0,0.0,1.0,89.92,37.07,49.83,-23.82,2020-12-31T05:00:00Z,{1_trade_buy},{trade_buy},2020Q4_1748906
300913,2020Q4_1748927,浙江省湖州市德清县新市镇士林工业区,一般项目：新材料技术研发；物联网技术研发；信息系统集成服务；技术服务、技术开发、技术咨询、技术交流、技术转让、技术推广；电子元器件制造；机械电气设备制造；通讯设备制造；计算机软硬件及外围设备制造；云计算设备制造；网络设备制造；光通信设备制造；智能车载设备制造；电子元器件零售；电线、电缆经营；光缆销售(除依法须经批准的项目外，凭营业执照依法自主开展经营活动)。许可项目：电线、电缆制造；发电、输电、供电业务；货物进出口；技术进出口(依法须经批准的项目，经相关部门批准后方可开展经营活动，具体经营项目以审批结果为准)。,姚金龙,湖州市,公司是专业从事数据电缆、专用电缆和连接产品设计、制造与销售的高新技术企业。自成立以来，公司凭借自身的技术沉淀、设计能力及品质优势，为境内外客户提供各类产品。公司产品销售覆盖中国大陆、欧洲、北美、中东、东南亚、澳大利亚等多个国家和地区，被广泛应用于网络结构化布线、智能安防、通信设备、数据中心、工业互联网、工业机器视觉、轨交机车和医疗器械等领域。根据中国机电产品进出口商会统计，2015年度、2016年度、2017年度、2018年度，公司产品出口额在全国同类产品的出口企业中连续4年排名第1位。,dmb@zhaolong.com.cn,"专业从事数据电缆,专用电缆和连接产品设计,制造与销售,主要产品为数据电缆,专用电缆及连接产品.",姚金龙,浙江,12250.0,姚云萍,19950821,www.zhaolong.com.cn,兆龙互连,0,SZSE,SZSE,工业制品,31070,-,电子器械和零件,31070060,3211185000,-3.05,-15.91,¥25.02,工业,310,0.0,600,15100,0.0,10000.0,600,0.0,0.0,1.0,49.56,30.26,37.11,-32.58,2020-12-31T05:00:00Z,{1_trade_buy},{trade_buy},2020Q4_1748927
003028,2020Q4_1748893,广东省深圳市光明区玉塘街道根玉路与南明路交汇处华宏信通工业园4栋1-6楼,电子产品、各类电子智能控制器、汽车电子产品、医疗电子产品、电机及其智能控制器、变频器、LED照明、开关电源、高压电源、电子自动化设备的研发及销售(不含限制项目)；动力电池产品、各类家电、电力设备、软件的技术开发、技术服务与销售(不含限制项目)；电子产品的信息咨询(不含限制项目)；国内贸易(不含专营、专卖、专控商品)；经营进出口业务(法律、行政法规、国务院决定禁止的项目除外，限制的项目须取得许可后方可经营)；兴办实业(具体项目另行申报)。(以上项目法律、行政法规、国务院决定禁止的项目除外，限制的项目须取得许可后方可经营)电子产品、各类电子智能控制器、汽车电子产品、医疗电子产品、电机及其智能控制器、变频器、LED照明、开关电源、高压电源、电子自动化设备的生产。,陈志杰,深圳市,公司是国家高新技术企业、深圳市自主创新百强中小企业、深圳市南山区领军企业。公司始终坚持以技术创新作为发展核心驱动力，积极发展高技术附加值、高品质附加值、节能环保、智能物联的产品，不断提升公司核心竞争力。公司研发中心拥有多个专业技术开发平台以及多个现代化实验室，建立了高效的研发组织架构和技术创新机制，培养了一批技术水平高、创新能力强、经验丰富的专业研发团队，形成了一系列先进的平台化技术，处于行业领先水平。2016年，公司“冰箱变频控制技术工程实验室”项目经深圳市政府批准，列入深圳市战略性新兴产业和未来产业发展专项资金扶持计划(节能环保产业类)；2018年，公司研发中心被广东省科技厅认定为嵌入式控制系统及电机变频控制器工程技术研究中心。,genbyte@genbytech.com,"公司系行业内知名的高端智能控制器,变频驱动器,数字电源以及智能物联模块供应商,产品主要用于终端设备中的电能变换,控制及应用.",唐娟,广东,10960.0,夏群波,19990715,www.genbytech.com,振邦智能,0,SZSE,SZSE,硬件,31120,-,电子元件,31120040,4616472000,-15.42,1.54,¥41.32,科技,311,0.0,400,18000,0.0,10000.0,400,0.0,0.0,1.0,41.69,31.32,36.34,13.7,2020-12-31T05:00:00Z,{1_trade_buy},{trade_buy},2020Q4_1748893
300884,2020Q4_1748911,福建省厦门市海沧区火炬高新区火炬园创新路2号兴联电子大厦五楼,一般项目：物联网技术研发；软件开发；人工智能应用软件开发；软件销售；通信设备制造；通信设备销售；数字家庭产品制造；移动终端设备销售；人工智能硬件销售；物联网设备制造；物联网设备销售；物联网应用服务；智能家庭网关制造；智能家庭消费设备制造；智能家庭消费设备销售；配电开关控制设备研发；配电开关控制设备制造；配电开关控制设备销售；照明器具制造；照明器具销售；安防设备制造；安防设备销售；计算机软硬件及外围设备制造；计算机软硬件及辅助设备批发；工业控制计算机及系统制造；互联网数据服务；互联网销售（除销售需要许可的商品）；网络设备销售；集成电路设计；集成电路制造；集成电路芯片及产品销售；家用电器制造；机械电气设备销售；风机、风扇制造；风机、风扇销售；五金产品批发；五金产品研发；停车场服务；信息系统集成服务；交通安全、管制专用设备制造；电子元器件制造；电子元器件批发；广告制作；广告发布（非广播电台、电视台、报刊出版单位）；塑料制品制造；塑料制品销售；安全技术防范系统设计施工服务；货物进出口；技术进出口；工程管理服务；生活垃圾处理装备制造；生活垃圾处理装备销售。（除依法须经批准的项目外，凭营业执照依法自主开展经营活动）许可项,缪国栋,厦门市,公司以“领跑智慧生活理念，创造卓越生活品质”为使命，以打造“安全、舒适、健康、便捷”的智慧社区生活环境为己任，围绕智慧社区领域，通过不断的技术创新、产品升级和功能优化，形成了以楼宇对讲产品和智能家居产品为主的产品结构，同时开发了智能停车、新风系统、智能锁、行业对讲等多系列的智能化产品。公司主营楼宇对讲、智能家居等智慧社区安防智能化设备的研发设计、生产制造和销售。主要产品方面，公司的楼宇对讲产品具有呼叫对讲、远程开门、联动门禁、人脸识别、人证比对、支持梯控协议等功能以及识别速度快、准确率高、高稳定性和开放性的性能；智能家居产品支持有线无线联网，具有高稳定性和强兼容性等特点。经过多年的发展，在楼宇对讲和智能家居领域，公司与龙湖集团、世茂房地产、招商蛇口、绿地控股、中南集团、华润置地、雅居乐集团、时代中国控股、富力地产等大中型房地产商已经建立了良好、稳定的合作关系；依托良好的产品性能和不断完善的销售渠道，公司产品已遍布全国的各主要城市。,dnake@dnake.com,"公司主营楼宇对讲,智能家居等智慧社区安防智能化设备的研发设计,生产制造和销售.主要产品是楼宇对讲和智能家居产品.",缪国栋,福建,18000.0,林丽梅,20050429,www.dnake.com,狄耐克,0,SZSE,SZSE,工业制品,31070,-,电子器械和零件,31070060,4267810000,-9.71,-18.09,¥23.48,工业,310,0.0,750,16700,0.0,10000.0,750,0.0,0.0,1.5,51.07,28.02,37.74,-37.78,2020-12-31T05:00:00Z,{1_trade_buy},{trade_buy},2020Q4_1748911
003026,2020Q4_1748892,浙江省湖州市长兴县太湖街道陆汇路59号,晶体硅、电子元器件制造、销售，晶体硅及其制品、电子元器件及新型节能材料的开发、技术咨询及技术转让，电气机械设备设计及销售；货物进出口、技术进出口。(依法须经批准的项目，经相关部门批准后方可开展经营活动),徐一俊,湖州市,公司是一家专业从事硅材料研发、生产和销售的电子信息产业国家级高新技术企业。发行人是国家高新技术企业、全国半导体设备和材料标准化技术委员会成员单位，是中国半导体行业协会、中国电子材料行业协会会员单位，在半导体硅材料制造领域拥有多项核心技术和专利。发行人核心管理团队拥有二十多年的半导体行业从业经验，长期致力于半导体硅材料的研发与生产，在研发、生产工艺、质量控制等方面拥有完善的技术储备和强大的技术创新能力。经过近十年的发展，目前发行人在分立器件用半导体硅材料领域尤其是硅研磨片细分领域已具有领先的市场地位。,ir@mtcn.net,"主营业务为半导体硅材料的研发,生产和销售,主要产品为半导体硅片及半导体硅棒.",徐一俊,浙江,9976.0,李志萍,20100125,www.mtcn.net,中晶科技,0,SZSE,SZSE,半导体,31130,-,半导体仪器和材料,31130010,8265662000,2.22,81.91,¥82.90,科技,311,0.0,500,21700,0.0,10000.0,500,0.0,0.0,1.0,47.16,20.0,31.87,160.12,2020-12-31T05:00:00Z,{1_trade_buy},{trade_buy},2020Q4_1748892
605155,2020Q4_1748954,浙江省绍兴市柯桥区兰亭镇阮港村,一般项目：玻璃纤维增强塑料制品制造；合成材料制造(不含危险化学品)；新型建筑材料制造(不含危险化学品)；增材制造；针织或钩针编织物及其制品；面料纺织加工；家用纺织制成品制造；家居用品制造；建筑用金属配件制造；玻璃纤维增强塑料制品销售；高性能纤维及复合材料销售；竹制品销售；软木制品制造；建筑装饰材料销售；建筑用金属配件销售；家居用品销售；家具制造；家具销售；纸制品销售；平面设计；劳务服务(不含劳务派遣)；家具安装和维修服务；玻璃纤维及制品销售(除依法须经批准的项目外，凭营业执照依法自主开展经营活动)。许可项目：道路货物运输(不含危险货物)；货物进出口；技术进出口(依法须经批准的项目，经相关部门批准后方可开展经营活动，具体经营项目以审批结果为准)。,柳庆华,绍兴市,公司主要从事功能性遮阳材料的研发、生产和销售，主要产品包括阳光面料、涂层面料和可调光面料等，并逐步向功能性遮阳成品拓展。功能性遮阳材料具有节能、环保、阻燃等优点，符合国家战略性新兴产业发展方向，属于国家大力鼓励发展的新材料行业。基于自主的技术与生产工艺，公司产品的平整度、色牢度、环保性、开孔率等多项指标受下游重要客户认可；公司产品定制化能力出色、质量稳定、综合供应及服务能力强，获得全球众多客户的信赖。公司客户有综合采购的需求，即在同一家供应商处采购多种功能性遮阳材料，以降低谈判、运输及售后成本，提高产品质量稳定性，而公司所掌握的核心技术也有利于产品种类的横向延伸。公司长期专注于功能性遮阳材料的研发和生产，凭借客户和技术优势，经过多年的发展，逐步形成了丰富的产品种类和具有竞争力的产品结构；突破了传统遮阳企业的价格竞争策略，逐步在产品品牌、设计和研发、工艺技术和一体化生产等方面形成了差异化的竞争优势，公司产品远销全球六大洲、60余个国家和地区，已成为我国功能性遮阳材料细分领域的龙头企业。,xidamen@xidamen.com,"发行人主要从事功能性遮阳材料的研发,生产和销售,主要产品包括阳光面料,涂层面料和可调光面料等.",柳庆华,浙江,9600.0,柳英,19971222,www.xidamen.com,西大门,0,SHSE,SHSE,家具制造,10220,-,家具制造,10220010,2069756000,-13.1,-28.38,¥21.51,周期性消费,102,0.0,400,10700,0.0,10000.0,400,0.0,0.0,1.0,30.48,30.48,30.48,-29.43,2020-12-31T05:00:00Z,{1_trade_buy},{trade_buy},2020Q4_1748954
300891,2020Q4_1748916,广东省云浮市云安区六都镇,生产、销售：钛白粉(二氧化钛)及其相关化工产品(不含危险化学品)、硫酸；蒸汽发电(自用)；货物或技术进出口(国家禁止或涉及行政审批的货物和技术进出口除外)；国内贸易代理；进出口代理(以上项目不涉及外商投资准入特别管理措施)。(依法须经批准的项目，经相关部门批准后方可开展经营活动),何明川,云浮市,公司是一家集钛白粉研发、生产、销售为一体的国家高新技术企业。主要从事钛白粉产品的研发、生产和销售，主要产品为金红石型钛白粉、锐钛型钛白粉系列产品。公司坚持以“发展循环经济，创造绿色未来”为使命，采用清洁联产硫酸法工艺生产钛白粉。公司地处“中国硫都”广东省云浮市，依托当地硫铁矿储量丰富的区位资源优势配套生产硫酸，形成了完整的“硫-钛-铁-钙”循环经济产业链。公司先后被评为“硫酸法钛白粉清洁生产和循环经济产业链示范基地”、“广东省清洁生产企业”和“广东省‘硫-钛-铁-钙’产业工程技术研究中心”等，公司的“白玉莹”商标被认定为“广东省著名商标”。公司持续不断加大投入，围绕钛白粉开展新产品、新工艺及新装备的研发，在节能降耗、清洁生产、资源循环利用、技术改造、产品升级等方面均取得了较为显著的成果。公司生产的钛白粉产品已被广泛应用于塑料、涂料、油墨和橡胶等领域，其中，塑料级金红石型钛白粉产品的性能已达到国际同类产品标准，产品远销葡萄牙、俄罗斯、新加坡、韩国、越南、马来西亚等地。,dsh@gdtitanium.com,"主要从事钛白粉产品的研发,生产和销售,主要产品为金红石型钛白粉,锐钛型钛白粉系列产品.",何明川,广东,40000.0,殷健,20030928,www.gdtitanium.com,惠云钛业,0,SZSE,SZSE,化工,10130,-,特种化学制品,10130020,7589794000,5.98,4.97,¥18.70,基础材料,101,0.0,1100,18700,0.0,10000.0,1100,0.0,0.0,1.0,26.52,16.31,20.72,-9.75,2020-12-31T05:00:00Z,{1_trade_buy},{trade_buy},2020Q4_1748916
003029,2020Q4_1748894,吉林省长春市高新区博才路与学府街交汇栖乐荟写字楼10号楼15-17层,电子计算机及计算机网络的技术开发技术服务，经销电子计算机及配件、文化办公机械、机房装修(经营范围中未取得专项审批许可的项目除外)；自营和代理各类商品及技术的进出口业务(国家规定的专营进出口商品和国家禁止进出口等特殊商品除外)；技术咨询，计算机系统集成，建筑智能化工程、综合布线工程，信息安全工程，安防监控工程(以上各项凭资质证书经营)(依法须经批准的项目，经相关部门批准后方可开展经营活动),于逢良,长春市,"公司是国内知名的信息安全产品、服务及解决方案提供商，是电子认证领域的领先企业。公司以密码技术为核心，开展信息安全软件的研发、生产和销售及服务，面向政府、军队、军工、金融、能源、电信等重点行业和领域提供基于密码的可信身份认证及可信数据保障等多层次、全方位的综合性安全解决方案，为其信息系统提供关键的安全支撑与保障。公司通过持续技术研发，公司积累了数字证书、数字加密、数字签名、身份认证、访问控制等关键技术，实现了电子认证领域的多项突破，为云计算、大数据、物联网、移动互联、智能计算等领域提供安全技术支撑与保障。公司是国家高新技术企业、国家火炬计划软件产业基地骨干企业，是国家信息安全行业电子认证领域诸多重要科研课题及产业化项目的主要承担者之一，公司自成立以来曾经为40个以上中央国家机关及部委提供信息安全解决方案或服务，承担了1,000多个国内知名的大中型信息化项目的安全支持与保障工作，包括国家“金盾工程”、“金财工程”、“金水工程”、“金质工程”等金字工程及北京2008奥运会、“天宫一号”、“神州九号”、“神州十号”等众多具有重大社会、政治影响的大型项目。",ir@jit.com.cn,"以密码技术为核心,开展信息安全软件的研发,生产和销售及服务",王连彬,吉林,18040.0,张凤阁,19990212,www.jit.com.cn,吉大正元,0,SZSE,SZSE,软件,31110,-,软件和信息技术服务,31110010,4574818000,-9.37,-2.23,¥24.70,科技,311,0.0,700,18700,0.0,10000.0,700,0.0,0.0,1.0,26.14,16.23,20.87,18.35,2020-12-31T05:00:00Z,{1_trade_buy},{trade_buy},2020Q4_1748894
003031,2020Q4_1748896,河北省石家庄市鹿泉经济开发区昌盛大街21号,电子封装及精细陶瓷的研发、生产、销售；电子元器件、半导体元器件、集成电路、汽车电子部件、零部件的研发、生产及销售；陶瓷材料、电子专用材料、金属制品的研发、生产及销售；半导体器件专用设备、电子专用设备的制造及销售；软件设计、技术咨询、技术服务、技术转让及进出口业务。,王强,石家庄市,公司是专业从事电子陶瓷系列产品研发、生产和销售的高新技术企业，致力于成为世界一流的电子陶瓷产品供应商，为客户提供创新、高品质、有竞争力的电子陶瓷产品。经过十年来的发展，公司已成为国内领先的电子陶瓷高新技术企业，拥有河北省企业技术中心、河北省工程技术中心，作为牵头单位承担国家科技重大专项、工业强基等多项国家和省市电子陶瓷领域的重大科技攻关和产业化项目，在国内电子陶瓷行业具有重要影响力。公司定位为高端的电子陶瓷外壳产品供应商，产品质量可靠，行业知名度较高。经过多年的积累，公司已成为大批国内外电子行业领先企业的供应商，甚至是核心供应商，并与其建立了长期、稳定的合作关系。在光通信领域，全球多家著名的光电器件厂商均是公司客户；在无线通信领域，NXP、Infineon等世界知名的半导体公司为公司客户；公司业与国内著名的通信厂商华为、中兴建立了合作关系，合作范围不断扩大。,zcdzzqb@sinopack.cc;dan.wang@sinopack.cc;hui.dong@sinopack.cc,"主要产品为电子陶瓷系列产品,分为四大系列:通信器件用电子陶瓷外壳,工业激光器用电子陶瓷外壳,消费电子陶瓷外壳及基板,汽车电子件,专业从事电子陶瓷系列产品研发,生产和销售.",付花亮,河北,14933.33,董惠,20090806,www.sinopack.com.cn,中瓷电子,0,SZSE,SZSE,工业制品,31070,-,电子器械和零件,31070060,7794265000,16.36,0.0,¥52.70,工业,310,0.0,400,5900,0.0,10000.0,400,0.0,0.0,1.0,0.0,0.0,0.0,0.0,2020-12-31T05:00:00Z,{1_trade_buy},{trade_buy},2020Q4_1748896
300601,2020Q4_1748901,广东省深圳市光明区马田街道薯田埔路18号,开发、生产经营乙肝疫苗及其它医用生物制品；进出口业务(具体按资格证书办理)；投资兴办医药项目及其它实业(具体项目另行申报)；医药技术开发、信息咨询服务、自有房屋、设备租赁服务(不含限制项目)；普通货运；货物专用运输(冷藏保鲜)。,杜伟民,深圳市,公司是一家集生物制品研发、生产、销售于一体的上市企业，中国主要的乙肝疫苗生产企业之一。公司主营业务为人用疫苗的研发、生产和销售，产品种类涵盖一类和二类疫苗，目前主要产品有重组乙型肝炎疫苗(酿酒酵母)、b型流感嗜血杆菌结合疫苗、麻疹风疹联合减毒活疫苗、无细胞百白破b型流感嗜血杆菌联合疫苗等产品。自成立以来，康泰生物承担了多项国家、省、市级重点科研项目及技术开发任务，已具备多联多价疫苗、基因工程疫苗等新技术研发及产业化核心竞争力。其中自主研发的无细胞百白破b型流感嗜血杆菌联合疫苗为国内独家创新的“四联疫苗”，专门针对无应答人群的60微克乙肝疫苗拥有“国家重点新产品”称号。通过多年的不懈努力，康泰生物已经发展成为研发品种齐全、产品线丰富、技术优势明显的国家级高新技术企业，在国家计划免疫战线上有着举足轻重的地位。,office@biokangtai.com,"主要产品:重组乙型肝炎疫苗(酿酒酵母)(10μg,20μg,60μg三种规格),b型流感嗜血杆菌结合疫苗,麻疹风疹联合减毒活疫苗,无细胞百白破b型流感嗜血杆菌联合疫苗等产品.主营业务;为人用疫苗的研发,生产和销售,",杜伟民,广东,68641.33,苗向,19920908,www.biokangtai.com,康泰生物,2017,SZSE,SZSE,医药制造,20620,-,专用医药制造,20620020,102401803000,13.05,-14.29,¥147.18,医疗保健,206,0.01,90900,15865400,2.79,188.57,59400,1.82,1.82,1.0,247.49,133.99,180.27,-18.36,2020-12-31T05:00:00Z,{2_trade_add},{trade_add} 188.57 %,2020Q4_1748901
603520,2020Q4_1748950,浙江省台州市仙居县现代工业集聚区丰溪西路9号,医药中间体制造、销售；经营本企业自产产品的出口业务和本企业所需的机械设备、零配件、原辅材料的进口业务，但国家限定公司经营或禁止进口的商品及技术除外。原料药(碘海醇、碘克沙醇、碘帕醇、碘佛醇、盐酸左氧氟沙星、左氧氟沙星、甲磺酸帕珠沙星)制造(详见《药品生产许可证》)；(依法须经批准的项目，经有关部门批准后方可开展经营活动),胡锦生,台州市,公司专业从事X射线造影剂、喹诺酮类抗菌药等药物的原料药及中间体的研发、生产及销售。公司X射线造影剂主要产品为碘海醇原料药，喹诺酮类抗菌药主要产品为盐酸左氧氟沙星原料药、左氧氟沙星原料药。公司是国内X射线造影剂原料药龙头企业。公司坚持以“聚一流人才、选一流装备、建一流厂房、创一流企业”为建厂理念，主张“创造优质产品、提供优质服务、致力人类健康、实现合作互赢”的经营理念。公司主要产品已获得欧洲COS证书、通过日本PMDA官方审计及ISO14001环境管理体系认证，产品远销海内外，目前公司已发展成为国内品种最全、规模最大的X-CT非离子型碘造影剂系列原料药供应商。,Stl@starrypharma.com,"主要产品:X射线造影剂主要产品为碘海醇原料药,喹诺酮类抗菌药主要产品为盐酸左氧氟沙星原料药,左氧氟沙星原料药;主营业务:专业从事X射线造影剂,喹诺酮类抗菌药等药物的原料药及中间体的研发,生产及销售.",胡健,浙江,24449.89,吴超群,19970915,www.starrypharm.com,司太立,2019,SHSE,SHSE,医药制造,20620,-,专用医药制造,20620020,13458986000,-10.66,-15.24,¥52.80,医疗保健,206,0.14,335900,21962400,3.86,46.3,106300,1.22,1.22,1.0,97.16,60.27,74.31,-28.95,2020-12-31T05:00:00Z,{2_trade_add},{trade_add} 46.30 %,2020Q4_1748950
300659,2020Q4_1748902,山东省济南市高新区经十路7000号汉峪金谷A1-5号楼25层,计算机软硬件、电子元件的开发、销售及系统集成；提供技术开发、技术咨询、技术服务和计算机软硬件售后服务；货物及技术进出口业务；商用密码产品开发、生产销售；以上相关设备租赁；自有房屋租赁。(依法须经批准的项目，经相关部门批准后方可开展经营活动),魏东晓,济南市,公司是专业从事信息安全技术与产品研发、销售并提供行业解决方案和安全服务的高新技术企业。　公司通过了ISO9001和CMMI三级认证，是经认定的国家火炬计划软件产业基地骨干企业、国家火炬计划重点高新技术企业，是国家商用密码产品定点生产和销售单位。公司拥有国家保密局颁发的国家涉密集成甲级资质证书，具有工信部颁发的信息系统集成资质，拥有山东省信息安全共性工程技术研究中心、山东省信息安全工程实验室、山东省企业技术中心、山东省软件工程技术中心等创新平台，也是山东省数据恢复与清除技术中心的承担单位。,ir@zhongfu.net,"主要产品:信息安全保密产品,商用密码产品,信息安全服务.主营业务:信息安全产品研发,生产,销售及信息安全服务.",魏东晓,山东,22668.91,孙强,20020312,www.zhongfu.net,中孚信息,2019,SZSE,SZSE,软件,31110,-,软件应用,31110020,8331049000,-14.38,-23.59,¥35.78,科技,311,0.07,166200,7918600,1.39,40.85,48200,0.4,0.4,1.0,72.7,40.36,51.12,-30.01,2020-12-31T05:00:00Z,{2_trade_add},{trade_add} 40.85 %,2020Q4_1748902
002050,2020Q4_1748885,浙江省绍兴市新昌县梅渚镇沃西大道219号三花工业园区办公大楼,制冷设备、自动控制元件，压力管道元件，机电液压控制泵及其他机电液压控制元器件生产(限分支机构经营)、销售，承接制冷配件产品的对外检测、试验及分析服务，从事进出口业务。(依法须经批准的项目，经相关部门批准后方可开展经营活动),张亚波,绍兴市,公司是一家全球领先的生产和研发制冷空调控件元件和零部件的厂商。在汽车、电器和空调行业中，通过与全球著名企业的合作紧密，三花已成为世界领先的OEM供应商，提供高品质且最具竞争力的商品。三花牌制冷自控元器件已成为世界知名品牌之一，公司已成为松下、大金、三菱、东芝、日立、富士通、LG、三星、开利、特灵、约克、格力、美的、海尔等世界著名制冷、空调主机厂的战略供方和合作伙伴。公司参与并在某些领域主导制冷空调类产品有关的技术标准的讨论和制定，利用市场规模和技术领先的优势推向全世界，使三花“产品技术化、技术专利化、专利标准化、标准全球化”，以高标准构建制冷空调自控元器件产业发展新平台。,shc@zjshc.com,"主要产品:截止阀,电子膨胀阀,电磁阀.",王大勇,浙江,359160.15,胡凯程,19940910,www.zjshc.com,三花智控,2018,SZSE,SZSE,工业制品,31070,-,特种工业机械,31070020,79104697000,4.34,-8.36,¥21.67,工业,310,0.01,357100,8803300,1.55,21.3,62700,0.27,0.27,1.0,26.8,20.53,23.15,-6.39,2020-12-31T05:00:00Z,{2_trade_add},{trade_add} 21.30 %,2020Q4_1748885
000998,2020Q4_1748884,湖南省长沙市芙蓉区合平路638号,以水稻、玉米、蔬菜为主的高科技农作物种子、种苗的生产、加工、包装、培育、繁殖、推广和销售；新型农药、化肥的研制、推广、销售，农副产品优质深加工及销售；提供农业高新技术开发及成果转让、农业技术咨询、培训服务；经营商品和技术的进出口业务；以自有资产进行土地开发投资及其他投资业务(不得从事吸收存款、集资收款、受托贷款、发行票据、发放贷款等国家金融监管及财政信用业务)；土地整理及修复。(依法须经批准的项目，经相关部门批准后方可开展经营活动),毛长青,长沙市,公司是一家以“杂交水稻之父”袁隆平院士的名字命名的国际化种业企业。公司业务涵盖“种业运营”和“农业服务”两大体系，种子业务方面，公司水稻、玉米、蔬菜、食葵、谷子等核心品类全球领先，小麦、棉花、油菜、马铃薯等品类快速发展；农业服务方面，新型职业农民培训、精准种植技术服务、耕地修复与开发、品质粮交易平台、品牌农业、农业金融等齐头并进。公司以“推动种业进步，造福世界人民”为使命，以“世界优秀的种业公司，致力于为客户提供综合农业服务解决方案”为企业愿景，不断推进隆平事业发展，矢志为中国民族种业在世界崛起之梦想而努力。,lpht@lpht.com.cn,"主要产品:杂交水稻,蔬菜种子,农化产品,玉米,棉花.",马德华,湖南,131697.03,尹贤文,19990630,www.lpht.com.cn,隆平高科,0,SZSE,SZSE,农副加工食品,20525,-,农产品,20525020,21850361000,-4.39,-17.52,¥16.49,非周期性消费,205,0.1,1327300,26294700,4.62,13.37,156500,0.54,0.54,1.0,23.78,16.18,18.69,-11.77,2020-12-31T05:00:00Z,{2_trade_add},{trade_add} 13.37 %,2020Q4_1748884
300750,2020Q4_1748903,福建省宁德市蕉城区漳湾镇新港路2号,锂离子电池、锂聚合物电池、燃料电池、动力电池、超大容量储能电池、超级电容器、电池管理系统及可充电电池包、风光电储能系统、相关设备仪器的开发、生产和销售及售后服务；对新能源行业的投资；锂电池及相关产品的技术服务、测试服务以及咨询服务。(依法须经批准的项目，经相关部门批准后方可开展经营活动),周佳,宁德市,公司是全球领先的动力电池系统提供商，专注于新能源汽车动力电池系统、储能系统的研发、生产和销售，致力于为全球新能源应用提供一流解决方案。公司在电池材料、电池系统、电池回收等产业链关键领域拥有核心技术优势及可持续研发能力，形成了全面、完善的生产服务体系。公司拥有国际一流的研发团队，设立了“福建省院士专家工作站”，拥有锂离子电池企业省级重点实验室、中国合格评定国家认可委员会(CNAS)认证的测试验证中心，参与了《电动客车安全技术条件》、《电动汽车用锂离子动力蓄电池安全要求》、《电力储能用锂离子电池》等多个国家、行业规范及标准的制定。公司承担了“十二五”国家新能源汽车产业技术创新工程项目、“十三五”国家重点研发计划新能源汽车专项项目和智能电网与装备专项项目、国家火炬计划产业化示范项目等国家级项目，为首批入选工信部《汽车动力蓄电池行业规范条件》目录的十家动力电池企业之一、《锂离子电池行业规范条件》目录的八家锂离子电池企业之一。公司曾获得中国化学与物理电源行业协会“中国动力和储能用锂离子电池前10强企业”、中国储能网“中国储能产业最具影响力企业”、工信部和财政部“2017年国家技术创新示范企业”等多项荣誉。,CATL-IR@catl.com,"公司是全球领先的动力电池系统提供商,专注于新能源汽车动力电池系统,储能系统的研发,生产和销售,致力于为全球新能源应用提供一流解决方案.公司在电池材料,电池系统,电池回收等产业链关键领域拥有核心技术优势及可持续研发能力,形成了全面,完善的生产服务体系.公司主要产品包括动力电池系统,储能系统和锂电池材料.",周佳,福建,232900.78,蒋理,20111216,www.catlbattery.com/www.catl.com,宁德时代,2019,SZSE,SZSE,工业制品,31070,-,电子器械和零件,31070060,1288158083000,67.96,61.21,¥531.07,工业,310,0.0,56500,19837700,3.48,4.82,2600,0.16,0.16,1.0,351.11,167.43,229.14,131.77,2020-12-31T05:00:00Z,{2_trade_add},{trade_add} 4.82 %,2020Q4_1748903
688528,2020Q4_1748963,,,,,,,,,,,,,,秦川物联,0,SHSE,SHSE,硬件,31120,-,科技仪器,31120060,2301582000,-2.63,-16.28,¥13.74,科技,311,0.0,8300,136200,0.02,0.0,0,0.0,0.0,1.0,22.33,16.1,19.81,-30.64,2020-12-31T05:00:00Z,{3_not_change},-,2020Q4_1748963
688111,2020Q4_1748960,北京市海淀区西二旗中路33号院小米科技园D栋,开发办公软件；销售自行研发的软件产品；计算机系统集成；技术服务、技术咨询；批发计算机软、硬件及辅助设备、通信产品，货物进出口、技术进出口；(不涉及国营贸易管理商品；涉及配额许可证管理商品的按照国家有关规定办理申请手续)，设计、制作、代理、发布广告。(市场主体依法自主选择经营项目，开展经营活动；依法须经批准的项目，经相关部门批准后依批准的内容开展经营活动；不得从事国家和本市产业政策禁止和限制类项目的经营活动。),邹涛,北京市,公司是国内领先的办公软件和服务提供商，主要从事WPS Office办公软件产品及服务的设计研发及销售推广。公司拥有办公软件领域30余年研发经验及技术积累，旗下主要产品及服务皆由公司自主研发，对核心技术具有自主知识产权。公司重点针对文字排版技术、电子表格计算技术、动画渲染技术、在线协同编辑、安全文档以及数据协同共享等多种关键技术进行深入研究，通过核心技术的突破，建立互联网云办公应用服务体系，创建智能办公新模式，全面提升用户体验。2018年12月，公司主要产品月度活跃用户数(MAU)超过3.10亿，其中WPS Office桌面版月度活跃用户数超过1.20亿，领先其他国产办公软件；WPSOffice移动版月度活跃用户数超过1.81亿；公司其他产品(如金山词霸等)月度活跃用户数接近0.10亿。WPS Office移动版已覆盖全球超过220个国家和地区，在全球Google Play、中国App Store的办公软件应用市场中排名前列，并持续保持领先地位。为适应客户的安全可靠需求，公司自主研发的WPS Office Linux版本已经全面支持国产整机平台(如：龙芯、飞腾、兆芯、申威等芯片)和国产操作系统，并在国家“十二五,Ir@wps.cn,"主要从事WPS Office办公软件产品及服务的设计研发及销售推广.公司产品主要包括WPS Office办公软件和金山词霸等,可在Windows,Linux,MacOS,Android,iOS等众多主流操作平台上应用;公司服务主要包括基于公司产品及相关文档的增值服务以及互联网广告推广服务,为客户提供一站式,多平台应用解决方案.",章庆元,北京,46100.0,宋涛,20111220,www.wps.cn,金山办公,0,SHSE,SHSE,软件,31110,-,软件应用,31110020,182776712000,31.87,-2.65,¥396.88,科技,311,0.01,41300,16979600,2.98,-4.62,-2000,-0.11,0.11,1.0,411.0,290.7,336.11,18.08,2020-12-31T05:00:00Z,{4_trade_reduce},{trade_reduce} 4.62 %,2020Q4_1748960
000860,2020Q4_1748883,北京市顺义区站前街1号院1号楼顺鑫国际商务中心12层,粮食作物、经济作物、蔬菜、花卉、园艺作物、水果加工；肉类、肉制品及副产品加工与销售；种畜产品、农作物种子、蔬菜种子繁育与销售；白酒、速冻食品、配制酒、蒸馏酒、发酵酒制造与销售；销售定型包装食品、食用油、酒、饮料：以下项目仅限分公司经营：水产品、豆制品、蛋品加工与销售；米面制品、方便面及其他方便食品、糕点、面包、调味品制造与销售；货物专项运输(冷藏保鲜)；普通货物运输；调味料(半固态)、罐头(其他罐头)。一般经营项目：粮食作物、经济作物、蔬菜、花卉、园艺作物、水果种植与销售；畜禽养殖；淡水养殖；技术开发、技术服务、信息咨询；物流综合业务；销售粮食、百货、机械电器设备、建筑材料、饲料、种苗、农药、(不含危险化学品)、化肥；货物进出口、技术进出口、代理进出口、国际货运代理。粮食收购。出租办公用房。仓储服务。,李颖林,北京市,公司是北京市第一家农业类上市公司，公司从事的主要业务包括：白酒酿造与销售；种猪繁育、生猪养殖、屠宰及肉制品加工；房地产开发。公司现已形成了以白酒、猪肉为主的两大产业。白酒产业的主要产品以“牛栏山”和“宁诚”为代表，“牛栏山”现已形成清香型“二锅头”和浓香型“百年”两大系列白酒；“宁诚”现主要为绵香型宁城老窖白酒。公司种猪繁育、生猪养殖、屠宰及肉制品加工业务产品，主要包括“小店”牌种猪及商品猪、“鹏程”牌生鲜及熟食制品。牛栏山酒厂是北京地区保持自主酿造规模最大的白酒企业，是北京地区白酒行业中最早拥有“中华老字号”、“中国驰名商标”和“中国酿酒大师”(首届)的企业。,zhangxiaoyong@shunxinholdings.com;ayz001@sina.com;sxnygf000860@163.com,"主要业务:白酒的生产和销售;肉类产品的生产和销售;果蔬饮料的生产和销售;种畜产品,农作物种子,蔬菜种子的繁育和销售.",安元芝,北京,74176.7,安元芝,19980921,www.000860.com,顺鑫农业,2013,SZSE,SZSE,企业集团,31030,-,企业集团,31030010,28952818000,-19.64,-46.18,¥38.09,工业,310,0.02,127800,9273400,1.63,-14.29,-21300,-0.19,0.19,1.0,72.74,51.69,61.41,-37.97,2020-12-31T05:00:00Z,{4_trade_reduce},{trade_reduce} 14.29 %,2020Q4_1748883
002475,2020Q4_1748889,广东省东莞市清溪镇北环路313号,生产经营连接线、连接器、电脑周边设备、塑胶五金制品。,王来春,深圳市,"公司是一家技术导向公司，公司专注于连接线、连接器的研发、生产和销售，产品主要应用于3C(计算机、通讯、消费电子)和汽车、医疗等领域。产品主要应用于3C(电脑、通讯、消费电子)、汽车和通讯等领域，核心产品电脑连接器已树立了优势地位，台式电脑连接器覆盖全球20%以上的台式电脑，并快速扩大笔记本电脑连接器的生产，公司已经开发出DP、eDP、USB3.0、ESATA等新产品，同时公司正逐步进入汽车连接器、通讯连接器和高端消费电子连接器领域，拓展新的产品市场,确立了自身的竞争优势。公司是USB、HDMI、SATA等协会的会员。公司拥有自主产品的核心技术和知识产权，已申请多项发明专利，实用新型专利及外观设计专利超过百项。后公司实验室通过国家认可委认证，并获“深圳市测试平台”称号。",David.Huang@luxshare-ict.com;Public@luxshare-ict.com;Ray.Li@luxshare-ict.com,"公司专注于连接器的研发,生产和销售,产品主要应用于3C(电脑,通讯,消费电子),汽车和通讯设备等领域.主要生产电脑连接器产品,包括台式电脑连接器及笔记本电脑连接器,并专注于生产附加价值高的电脑内部连接器.",王来春,广东,703542.64,黄大伟,20040524,www.luxshare-ict.com,立讯精密,2014,SZSE,SZSE,硬件,31120,-,电子元件,31120040,292233670000,26.58,-24.47,¥41.31,科技,311,0.0,162100,9099000,1.6,-17.3,-33900,-0.28,0.28,1.0,61.99,49.81,55.11,-25.04,2020-12-31T05:00:00Z,{4_trade_reduce},{trade_reduce} 17.30 %,2020Q4_1748889
000661,2020Q4_1748881,吉林省长春市同志街2400号火炬大厦5层,高新技术产品的开发、生产、销售及服务基础设施的开发建设、新药开发、技术转让、咨询服务；物业管理；高新成果转让及中介服务；商业供销业(国家有专项限制经营的商品除外)；餐饮、娱乐、旅馆(办时需许可)；培训；集中供热；产业投资(医药产业)(以上各项仅限分公司、子公司持证经营)。绿化景观工程设计、施工及维护、企业营销策划、广告策划、社会经济信息咨询、房地产中介服务、房屋销售代理(仅限分支机构持证经营)；企业管理咨询(以上各项国家法律法规禁止的不得经营；应经专项审批的项目未获得批准之前不得经营)*,马骥,长春市,公司于1993年6月成立，是东北地区最早的一批上市公司之一。公司主营业务以生物制药、中成药生产及销售为主，辅以房地产开发、物业管理等。上市多年来，公司凝炼并秉持“创新、专注、包容、共享”的发展理念，坚持以科技创新为源动力，主导产业成功实现由服务于开发区基础设施建设向生物制药及健康产业的转型，随着医药产业项目的成功孵化并壮大，支撑了经营业绩的快速增长，目前公司已成为国内生物医药领域具有一定技术领先优势的上市公司。,zds000661@163.com;zds@ccht.jl.cn;000661@ccht.jl.cn,"主要产品:基因重组人生长素,血栓心脉宁,冠脉宁.",姜云涛,吉林,40472.03,张德申,19930610,www.ccht.jl.cn,长春高新,2013,SZSE,SZSE,医药制造,20620,-,专用医药制造,20620020,156738684000,-12.65,-12.45,¥379.59,医疗保健,206,0.02,74900,33639500,5.91,-23.49,-23000,-1.59,1.59,1.0,503.22,329.98,412.5,-7.98,2020-12-31T05:00:00Z,{4_trade_reduce},{trade_reduce} 23.49 %,2020Q4_1748881
300595,2020Q4_1748900,安徽省合肥市高新区望江西路4899号,一般项目：第二类医疗器械销售；技术服务、技术开发、技术咨询、技术交流、技术转让、技术推广；光学仪器销售；光学仪器制造；消毒剂销售(不含危险化学品)；眼镜制造；眼镜销售(不含隐形眼镜)；日用品销售；健康咨询服务(不含诊疗服务)；照明器具制造；照明器具销售；电子产品销售(除许可业务外，可自主依法经营法律法规非禁止或限制的项目)。许可项目：第三类医疗器械生产；第三类医疗器械经营；第二类医疗器械生产；药品生产；药品批发；药品零售；保健食品销售；食品经营(销售预包装食品)；检验检测服务(依法须经批准的项目，经相关部门批准后方可开展经营活动)。,陶悦群,合肥市,公司是国内角膜塑形镜细分领域的领军企业，专注眼视光产品研发、生产、销售，以及眼视光服务，目前主要业务为非手术视力矫正。公司目前主要产品为硬性角膜接触镜类镜片及镜片护理产品，角膜塑形镜为主营产品中的核心。经过多年的专注发展，公司已拥有一系列与硬性角膜接触镜设计和生产相关的完全自主知识产权，同时取得了角膜塑形镜和硬性角膜接触镜产品注册证。公司先后获得了“安徽省医药质量管理奖”、“合肥市科技小巨人”的荣誉称号，并且为安徽省近视预防治疗研究会常务副理事长单位；自主研发生产和销售的产品获得了市场的广泛认可，公司主营产品“梦戴维”系列角膜塑形镜先后荣获得“安徽省著名商标”、“合肥市知名商标”。,autekchina@126.com;autekcfo@126.com,"公司自成立以来定位于非手术视力矫正领域,是一家专业从事硬性角膜接触镜及护理产品的设计,研发,生产和销售,并提供技术支持与培训服务的硬性角膜接触镜综合服务商.公司主要产品包括角膜塑形镜,普通硬性角膜接触镜及护理产品等,属于国家食药监总局规定的Ⅲ类医疗器械.",陶悦群,安徽,85067.2,施贤梅,20001026,www.orthok.cn,欧普康视,2017,SZSE,SZSE,医疗器械,20650,-,医疗器械和供给,20650020,83905750000,46.79,73.53,¥98.90,医疗保健,206,0.02,142317,8221900,1.44,-24.96,-47344,-0.37,0.37,1.4175,57.79,39.79,46.62,112.14,2020-12-31T05:00:00Z,{4_trade_reduce},{trade_reduce} 24.96 %,2020Q4_1748900
002371,2020Q4_1748888,北京市经济技术开发区文昌大道8号,组装生产集成电路设备、光伏设备、TFT设备、真空设备、锂离子电池设备、流量计、电子元器件；销售集成电路设备、光伏设备、TFT设备、真空设备、锂离子电池设备、流量计、电子元器件；技术咨询、技术开发、技术转让；经济贸易咨询；投资及投资管理；货物进出口；技术进出口；代理进出口。(企业依法自主选择经营项目，开展经营活动；依法须经批准的项目，经相关部门批准后依批准的内容开展经营活动；不得从事本市产业政策禁止和限制类项目的经营活动。),赵晋荣,北京市,公司是一家以电子专用设备和电子元器件为主要产品，集研发、生产、销售及服务于一体的大型综合性高科技公司。电子专用设备方面，公司以大规模集成电路制造工艺技术为核心，研发生产了集成电路工艺设备、太阳能电池制造设备、气体质量流量控制器(MFC)、TFT设备、真空热处理设备、锂离子电池制造设备等系列产品，广泛应用于半导体、光伏、电力电子、TFT-LCD、LED、MEMS、锂电等多个新兴行业。高精密电子元器件方面，公司依托多年的元器件技术积累，建立了新产品、新工艺研发体系，产品技术等级不断提升，研发生产了电阻、电容、晶体器件、微波组件、模块电源、混合集成电路等高精密电子元器件系列产品，广泛应用于精密仪器仪表、自动控制等领域。公司为中国电子专用设备工业协会理事长和中国电子元件协会副理事长单位，是中国最大的电子装备生产基地和高端电子元器件制造基地。公司始终站在电子信息技术的前沿，技术开发坚持以自主研发为主、对外技术合作为辅的发展道路。公司依靠自主研发创造了辉煌的业绩，保持了在国内同行业中的技术领先地位。,002371@naura.com;sunzheng@naura.com;wangxiaoning@naura.com,"主营业务:从事基础电子产品的研发,生产,销售和技术服务业务.主要产品为大规模集成电路制造设备和电子元件.",陶海虹,北京,49646.48,王晓宁,20010928,www.naura.com,北方华创,2017,SZSE,SZSE,硬件,31120,-,电子元件,31120040,159229779000,116.43,83.31,¥322.50,科技,311,0.01,50000,9037000,1.59,-26.58,-18100,-0.49,0.49,1.0,229.34,153.22,180.24,78.93,2020-12-31T05:00:00Z,{4_trade_reduce},{trade_reduce} 26.58 %,2020Q4_1748888
300014,2020Q4_1748897,广东省惠州市仲恺高新区惠风七路38号,研发、生产、销售：锂一次电池、锂二次电池、锂聚合物电池、锂离子电池、锂电池(组)、锂离子蓄电池组、镍氢电池、镍镉电池、碱性电池、锌锰电池、动力电池系统和电池管理系统、锂电池(组)的充、放电设备、锂电池(组)配套维护设备、锂电池储能系统、电池材料，纳米新材料、水表、气表、电表的半成品及其配件制造，技术研发、开发及转让，货物进出口，房屋租赁，加工服务，设备租赁，物业管理，合同能源管理，锂电池相关技术咨询服务，电池相关的维修服务。(依法须经批准的项目，经相关部门批准后方可开展经营活动。),刘金成,惠州市,公司是国家级高新技术企业，专注于锂电池的创新发展。经过多年的努力，公司锂亚电池居世界前列，锂原电池居国内领先地位。公司主营业务是锂原电池和锂离子电池的研发、生产、销售，也以客户需求为导向提供锂电池相关的配套产品和服务。近几年，公司聚焦动力、储能市场领域，采用高度自动化与信息化的生产方式，为客户提供一流产品和服务，已形成锂原电池、锂离子电池、电源系统等核心业务，产品覆盖智能电网、智能交通、智能安防，储能，新能源汽车，特种行业等市场。公司以“做世界上最好的锂电池，成为行业领先企业”为愿景，以市场为导向，以世界先进的技术与自动化的生产方式，致力于为社会提供高可靠性的锂电池，同时不断追求卓越，专注创新，致力于打造一流“智慧互联能源”方案提供商。,ir@evebattery.com,"主营业务:锂原电池和锂离子电池的研发,生产,销售,也以客户需求为导向提供锂电池相关的配套产品和服务.",刘建华,广东,188846.07,江敏,20011224,www.evebattery.com,亿纬锂能,2020,SZSE,SZSE,工业制品,31070,-,电子器械和零件,31070060,236615765000,71.31,55.77,¥121.63,工业,310,0.02,323400,26355500,4.63,-26.62,-117300,-0.89,0.89,1.0,81.5,44.85,57.56,111.31,2020-12-31T05:00:00Z,{4_trade_reduce},{trade_reduce} 26.62 %,2020Q4_1748897
300760,2020Q4_1748904,广东省深圳市南山区高新技术产业园区科技南十二路迈瑞大厦1-4层,生产经营医疗电子仪器及其配套试剂及产品的软件开发(不含国家限制项目)；自产产品售后服务，自有房屋租赁。,李西廷,深圳市,公司是中国领先的高科技医疗设备研发制造厂商，为全球市场提供医疗器械产品。公司的主营业务覆盖生命信息与支持、体外诊断、医学影像三大领域，通过前沿技术创新，提供更完善的产品解决方案，帮助世界改善医疗条件、提高诊疗效率。公司始终致力于临床医疗设备的研发和制造，产品涵盖生命信息与支持、临床检验及试剂、数字超声、放射影像四大领域，将性能与价格完美平衡的医疗电子产品带到世界每一角落。,ir@mindray.com,"主营业务:公司主要从事医疗器械的研发,制造,营销及服务,主要产品涵盖三大领域:生命信息与支持,体外诊断以及医学影像,目前已拥有丰富的产品品类.",吴昊,广东,121569.13,李文楣,19990125,www.mindray.com,迈瑞医疗,2019,SZSE,SZSE,医疗器械,20650,-,医疗设备,20650010,548906596000,15.47,7.75,¥433.99,医疗保健,206,0.0,47700,20328300,3.57,-33.01,-23500,-1.14,1.14,1.0,426.0,290.82,347.05,25.05,2020-12-31T05:00:00Z,{4_trade_reduce},{trade_reduce} 33.01 %,2020Q4_1748904
000858,2020Q4_1748882,四川省宜宾市翠屏区岷江西路150号,主营：酒类产品及相关辅助产品(瓶盖、商标、标识及包装制品)的生产经营；兼营：饮料、药品、水果种植、农业种植、进出口业务、物业管理、投资管理等。,曾从钦,宜宾市,公司是以五粮液及其系列酒的生产、销售为主要产业，同时生产经营精密塑胶制品、大中小高精尖注射和冲压模具现代制造产业，以及生物工程为发展产业，药业工业、印刷业、电子器件产业、物流运输和相关的服务业的具有深厚企业文化的现代化企业集团。公司现已系统研制开发了五粮春、五粮神、五粮醇等几十种不同档次、不同口味，满足不同区域、不同文化背景、不同层次消费者需求的系列产品。数年来“五粮液”品牌连续在中国白酒制造业和食品行业“最有价值品牌”中排位居前，具有领导市场的影响力。目前公司根据消费者的个性化需求，进一步细分、微分市场，新设计开发国宝五粮液、人民大会堂国宴五粮液等，丰富和完善产品线，加快新产品开发步伐，有效地支持了公司经营业绩持续增长。,000858-wly@sohu.com;lixinyi@wuliangye.com.cn,主要产品:五粮液系列酒.,,四川,388160.8,彭智辅,19980421,www.wuliangye.com.cn,五粮液,2015,SZSE,SZSE,酒精饮料,20510,-,其他酒类,20510020,1079600995000,10.79,-2.89,¥277.45,非周期性消费,205,0.0,120800,35255500,6.19,-33.77,-61600,-1.67,1.67,1.0,291.85,188.73,238.44,16.36,2020-12-31T05:00:00Z,{4_trade_reduce},{trade_reduce} 33.77 %,2020Q4_1748882
002352,2020Q4_1748887,广东省深圳市福田区新洲十一街万基商务大厦,投资兴办实业(具体项目另行申报)；市场营销策划、投资咨询及其它信息咨询(不含人才中介服务、证券及限制项目)；供应链管理；资产管理、资本管理、投资管理(不得从事信托、金融资产管理、证券资产管理等业务)；道路普通货物运输；汽车租赁；总部管理。,王卫,深圳市,公司是国内领先的快递物流综合服务商，经过多年发展，已初步建立为客户提供一体化综合物流解决方案的能力，不仅提供配送端的高质量物流服务，还延伸至价值链前端的产、供、销、配等环节，以消费者需求出发，利用大数据分析和云计算技术，为客户提供仓储管理、销售预测、大数据分析、金融管理等一揽子解决方案。公司的物流产品主要包含：时效快递、经济快递、同城配送、仓储服务、国际快递等多种快递服务，物流普运、重货快运等快运服务，以及为生鲜、食品和医药领域的客户提供冷链运输服务。此外，公司还提供保价、代收货款等增值服务，以满足客户个性化需求。经过多年潜心经营和前瞻性战略布局，公司已形成拥有“天网+地网+信息网”三网合一、可覆盖国内外的综合物流服务网络。公司荣获中国物流与采购联合会“AAAAA”物流企业，中国物流与采购联合会“中国物流改革开放30年旗帜企业”，中国快递物流示范基地，十佳电子商务物流创新企业等荣誉。,sfir@sf-express.com,"主要业务:为客户提供仓储管理,销售预测,大数据分析,金融管理等一揽子解决方案.物流产品主要包含:时效快递,经济快递,同城配送,仓储服务,国际快递等多种快递服务,物流普运,重货快运等快运服务,以及为生鲜,食品和医药领域的客户提供冷链运输服务.",王卫,广东,441458.53,甘玲,20030522,www.sf-express.com,顺丰控股,2019,SZSE,SZSE,交通运输,31080,-,装卸搬运和其他运输代理,31080060,297125608000,1.58,-25.64,¥65.29,工业,310,0.0,49000,4323300,0.76,-36.36,-28000,-0.24,0.24,1.0,92.99,55.5,77.39,-15.64,2020-12-31T05:00:00Z,{4_trade_reduce},{trade_reduce} 36.36 %,2020Q4_1748887
600276,2020Q4_1748937,江苏省连云港市经济技术开发区昆仑山路7号,片剂(含抗肿瘤药)、口服溶液剂、混悬剂、无菌原料药(抗肿瘤药)、原料药(含抗肿瘤药)、精神药品、软胶囊剂(含抗肿瘤药)、冻干粉针剂(含抗肿瘤药)、粉针剂(抗肿瘤药、头孢菌素类)、吸入粉雾剂、口服混悬剂、口服乳剂、大容量注射剂(含多层共挤输液袋、含抗肿瘤药)、小容量注射剂(含抗肿瘤药、含非最终灭菌)，生物工程制品(聚乙二醇重组人粒细胞刺激因子注射液)、硬胶囊剂(含抗肿瘤药)、颗粒剂(抗肿瘤药)、粉雾剂、膜剂、凝胶剂、乳膏剂的制造；中药前处理及提取；医疗器械的研发、制造与销售；一般化工产品的销售；自营和代理各类商品及技术的进出口业务，但国家限定公司经营或禁止进出口的商品和技术除外。,周云曙,连云港市,公司是一家从事医药创新和高品质药品研发、生产及推广的医药健康企业，致力于在抗肿瘤药、手术用药、内分泌治疗药、心血管药及抗感染药等领域的创新发展，并逐步形成品牌优势。公司是国内知名的抗肿瘤药、手术用药和造影剂的供应商，也是国家抗肿瘤药技术创新产学研联盟牵头单位，建有国家靶向药物工程技术研究中心、博士后科研工作站。公司先后被评为“全国医药系统先进集体”、“国家重点高新技术企业”，国家火炬计划新医药研究开发及产业化基地的骨干企业之一，“国家863计划成果产业化基地”，连续多年被国家统计局列为全国化学制药行业十佳效益企业。,ir@hengrui.com,"主要产品:抗肿瘤药,抗感染药.",周云曙,江苏,639747.76,刘笑含,19970428,www.hrs.com.cn,恒瑞医药,2019,SHSE,SHSE,医药制造,20620,-,通用医药制造,20620010,387988678000,-11.75,-34.93,¥60.09,医疗保健,206,0.0,101640,9438300,1.66,-43.38,-77880,-0.95,0.95,1.2,95.84,71.25,77.59,-22.55,2020-12-31T05:00:00Z,{4_trade_reduce},{trade_reduce} 43.38 %,2020Q4_1748937
002271,2020Q4_1748886,北京市朝阳区高碑店北路康家园小区4号楼,制造防水材料、防腐材料、保温材料、建筑成套设备；防水材料、防腐材料、保温材料、建筑成套设备的技术开发、销售、技术服务；经营本企业自产产品及技术出口业务；本企业和成员企业生产所需的原辅材料、仪器仪表、机械设备、零配件及技术的进口业务(国家限定公司经营和国家禁止进出口的商品除外)；信息技术服务；经营进料加工和“三来一补”业务。,李卫国,北京市,公司是一家集防水材料研发、制造、销售及施工服务于一体的防水系统服务商。多年来，公司为重大基础设施建设、工业建筑和民用、商用建筑提供高品质、完备的防水系统解决方案。公司投资还涉及非织造布、建筑节能、砂浆等多个领域，包括工程业务、民用建材、节能保温、非织造布、防水、砂浆、硅藻泥、建筑涂料、建筑修缮等品牌和业务板块。公司生产的优质产品远销德国、巴西、澳大利亚、美国、加拿大、俄罗斯、日本、新加坡、韩国、中非、南非等多个国家和地区。公司将各种专项防水系统成功应用于：房屋建筑、高速公路、城市道桥、地铁及城市轨道、高速铁路、机场、水利设施等众多领域，其中包括人民大会堂、鸟巢、水立方等中国标志性建筑及京沪高铁、北京地铁等国家重大基础设施建设项目。公司与万科、恒大、碧桂园、保利、华为、金螳螂等200余家大型房地产商、企业集团建立长期稳定的战略合作关系。,stocks@yuhong.com.cn,"本公司是一家集研发,生产,销售,技术咨询和施工服务为一体的专业化建筑防水系统供应商,主要从事建筑防水材料的研发,生产,销售和防水工程施工业务.本公司主要产品包括防水卷材和防水涂料两大类近百个品种.公司产品和服务广泛应用于房屋建筑,高速公路和城市道桥,地铁及城市轨道,高速铁路,机场和水利设施等领域.",张志萍,北京,252356.14,张蓓,19980330,www.yuhong.com.cn,东方雨虹,2012,SZSE,SZSE,建筑,31040,-,建筑材料和设备,31040030,137089109000,7.85,42.63,¥54.04,工业,310,0.02,417100,16183300,2.84,-45.62,-349850,-1.5,1.5,1.0,41.0,29.35,36.41,48.42,2020-12-31T05:00:00Z,{4_trade_reduce},{trade_reduce} 45.62 %,2020Q4_1748886
603799,2020Q4_1748952,浙江省嘉兴市桐乡市经济开发区二期梧振东路18号,研发、生产、销售：钴、镍、铜氧化物，钴、镍、铜盐类，钴、镍、铜金属及制品，钴粉，镍粉，铜粉，氢氧化钴，钴酸锂，氯化铵；金属矿产品和粗制品进口及进口佣金代理，生产设备进口及进口佣金代理。(上述涉及配额、许可证及专项规定管理的商品按国家有关规定办理)，对外承包工程业务(范围详见《中华人民共和国对外承包工程资格证书》)。,陈雪华,嘉兴市,公司是一家专注于钴、铜有色金属冶炼及钴新材料产品深加工的高新技术企业，产品主要用于锂离子电池正极材料、航空航天高温合金、硬质合金、色釉料、磁性材料、橡胶粘合剂和石化催化剂等领域。公司始终坚持科技创新和科学管理。在钴铜湿法工艺、钴新材料、环境保护领域拥有了中国一流的自主核心技术，通过了ISO9000、ISO14000、OHSAS18000、GB/T19022和GB/T15496管理体系的认证，为公司做强做大钴产业提供了坚实保障。公司经过十多年的发展积淀，完成了总部在桐乡、资源保障在非洲、制造基地在衢州、市场在全球的空间布局。形成了自有矿产资源为保障，钴新材料为核心，铜、镍产品为辅助，集采、选、冶、新材料深加工于一体的纵向一体化产业结构。,information@huayou.com;wgp@huayou.com;lirui@huayou.com,"主营业务:主要从事钴,铜有色金属采,选,冶及钴新材料产品的深加工与销售.主要产品:公司主导产品为四氧化三钴,氧化钴,碳酸钴,氢氧化钴和硫酸钴等钴产品;由于矿料原料中铜钴伴生的特性及业务拓展原因,公司还生产,销售电积铜,粗铜等铜产品.",陈红良,浙江,121290.44,李瑞,20020522,www.huayou.com,华友钴业,0,SHSE,SHSE,金属与开采,10150,-,其他工业金属与开采,10150030,162332297000,89.31,75.8,¥135.49,基础材料,101,0.02,199400,15812400,2.78,-50.83,-206100,-1.27,1.27,1.0,79.3,33.93,45.77,196.02,2020-12-31T05:00:00Z,{4_trade_reduce},{trade_reduce} 50.83 %,2020Q4_1748952
300059,2020Q4_1748898,上海市徐汇区宛平南路88号东方财富大厦,第二类增值电信业务中的呼叫中心业务和信息服务业务(以经营许可证为准)，企业投资咨询、策划，商务咨询，会务会展咨询服务，计算机软硬件及网络系统的技术开发、技术服务、技术咨询、技术转让，设计、制作、发布、代理国内外各类广告，自有房屋租赁，计算机软件销售。,其实,上海市,公司是国内领先的互联网金融服务平台综合运营商，通过以“东方财富网”为核心，集互联网财经门户平台、金融电子商务平台、金融终端平台及移动端平台等为一体的互联网金融服务大平台，向海量用户提供基于互联网平台应用的产品和服务。公司运营的以“东方财富网”为核心的互联网金融服务大平台已成为我国用户访问量最大、用户黏性最高的互联网金融服务平台之一，“天天基金网”和“股吧”在各自细分领域中均具有市场领先地位，在用户数量和用户黏性方面长期保持竞争优势，形成了公司的核心竞争力。,dongmi@eastmoney.com,"主营业务:公司通过“东方财富网”网站平台提供专业的,及时的,海量的资讯信息,满足广大互联网用户对于财经资讯和金融信息需求.公司主营业务属于网络财经信息服务业,向用户提供专业的,及时的,海量的资讯信息,满足其对于财经资讯和金融信息的需求.业务内容主要包括互联网广告服务以及金融数据服务.",郑立坤,上海,1033576.38,其实,20050120,www.eastmoney.com,东方财富,2018,SZSE,SZSE,交互式媒体,30830,-,互联网和相关服务,30830010,337781706000,39.3,28.25,¥32.51,通信服务,308,0.0,265560,6860300,1.2,-81.02,-1133640,-3.02,3.02,1.2,25.83,18.33,21.53,51.0,2020-12-31T05:00:00Z,{4_trade_reduce},{trade_reduce} 81.02 %,2020Q4_1748898
002384,2020Q4_1748976,江苏省苏州市吴中区东山工业园石鹤山路8号,精密钣金加工、五金件、烘漆、微波通信系统设备制造；电子产品生产、销售；电子工业技术研究、咨询服务；超高亮度发光二极管(LED)应用产品系统工程的安装、调试、维修；生产和销售液晶显示器件、LED照明产品、LED背光源及LED显示屏、LED驱动电源及控制系统、LED芯片封装及销售、LED技术开发与服务，合同能源管理；销售新型触控显示屏电子元器件产品，照明工程、城市亮化、景观工程的设计、安装及维护；太阳能产品系统的生产、安装、销售；太阳能工业技术研究、咨询服务；经营本企业自产产品及技术的出口业务；经营本企业生产、科研所需的原辅材料，仪器仪表、机械设备零配件及技术的进口业务；租赁业务；经营进料加工和“三来一补”业务。卫生用品和一次性使用医疗用品生产；医护人员防护用品生产(Ⅱ类医疗器械)；用于传染病防治的消毒产品生产；医用口罩生产；医护人员防护用品生产(Ⅰ类医疗器械)；卫生用品和一次性使用医疗用品销售；医护人员防护用品零售；医护人员防护用品批发；医用口罩零售；医用口罩批发；消毒剂销售；特种劳动防护用品销售；特种劳动防护用品生产(依法须经批准的项目，经相关部门批准后方可开展经营活动)。,袁永刚,苏州市,公司是中国最大的专业从事精密钣金结构件工艺设计、制造服务企业，全球最大的基站天线精密钣金零部件提供商。公司集研发、生产、销售、服务业务为一体，为客户提供精密钣金件和精密铸件的制造与服务，已形成了产品结构研发、精密钣金制造、精密铸件制造、表面处理、精密组装、及时配送等在内的完整精密金属制造服务体系。通过了通讯设备制造商爱立信、朗讯、波尔威、安德鲁、安弗施，精密机床制造商沙迪克、阿奇夏米尔，核能设备制造商阿海珐，金融设备制造商NCR等客户严格的认证考核，并与其建立长期稳定的合作关系，为其全球分支机构提供可靠的产品和专业服务。,dsbj@dsbj.com;maoxy@dsbj.com,主营业务:精密钣金件和精密铸件的制造与服务.公司产品主要包括精密钣金和精密铸件的制造与服务.,袁永峰,江苏,170986.73,冒小燕,19981028,www.dsbj.com,东山精密,2020,SZSE,SZSE,硬件,31120,-,电子元件,31120040,34539319000,8.9,-22.35,¥20.33,科技,311,0.0,0,0,0.0,-10000.0,-1205500,-5.71,5.71,1.0,29.52,25.05,26.68,-23.8,2020-12-31T05:00:00Z,{5_trade_sell},{trade_sell},2020Q4_1748976
002100,2020Q4_1748975,新疆维吾尔自治区乌鲁木齐市高新区长春南路528号天康企业大厦,兽药的生产、销售(具体以许可证为准)、饲料的生产、销售(具体范围以许可证为准)、饲料添加剂的生产、销售(具体范围以许可证为准)、荷斯坦牛的销售(具体范围以许可证为准)。自营和代理各类商品和技术的进出口，但国家限定公司经营或禁止进出口的商品和技术除外。添加剂预混合饲料的生产。与经营范围相关的技术咨询服务。食用农产品的销售。仓储业。股权投资；农副产品的销售；肥料的生产、销售。,杨焰,乌鲁木齐市,公司是一家集兽用生物制品与动物疫病防治、现代生猪科学育种与养殖、饲料研发与生产、生猪屠宰加工配售为一体的农牧类上市公司公司是首批农业产业化国家重点龙头企业。公司始终坚持围绕现代农牧，在饲料、兽用生物制品、生猪养殖、放心肉食品等关键环节精耕细作，成功搭建起集饲料、生物制药、养殖、食品、蛋白油脂、融资担保为主的农牧产业链基础。公司将坚定地依据自身的专业能力和核心竞争力，紧紧围绕畜牧养殖的关键环节，包括：饲料、饲养、动保、良种繁育(主要指生猪)以及养殖服务体系和金融服务体系建设，为养殖户提供全面解决方案，提升养殖效率，实现公司与客户的共赢发展，努力把公司打造成为国内一流的“健康养殖服务商，安全食品供应商”。,tcsw@tcsw.com.cn;xj_gyj@163.com,主营业务:饲料及以兽用生物制品为主的兽药的生产与销售,成辉,新疆,107561.93,郭运江,20001228,www.tcsw.com.cn,天康生物,2017,SZSE,SZSE,农副加工食品,20525,-,加工食品,20525040,8793287000,-15.54,-18.41,¥8.10,非周期性消费,205,0.0,0,0,0.0,-10000.0,-1904700,-4.85,4.85,1.0,15.75,10.59,13.37,-39.42,2020-12-31T05:00:00Z,{5_trade_sell},{trade_sell},2020Q4_1748975
603659,2020Q4_1748990,上海市浦东新区叠桥路456弄116号,高性能膜材料、锂离子电池、电池材料及专用设备技术领域内的技术开发、技术转让、技术服务、技术咨询，实业投资，投资管理，投资咨询，从事货物与技术的进出口业务。【依法须经批准的项目，经相关部门批准后方可开展经营活动】,梁丰,上海市,"公司致力于成为具有技术与规模双重领先优势的综合解决方案提供商。公司所服务的锂离子电池市场,处于清洁能源、节能环保及高效储能相关的关键产业环节，公司主营业务聚焦于锂离子电池关键材料及自动化工艺设备领域。公司相关业务互动发展并产生初步的协同效应，形成了以锂离子电池负极材料、自动化涂布机、隔膜涂覆加工、铝塑包装膜、纳米氧化铝等业务的全面延伸。公司积极把握行业发展机遇，配合上下游产业链共同成长；重视团队与企业文化建设，完善中长期激励机制，不断提升治理结构与经营管理的规范性。",IR@putailai.com,"主要业务:锂离子电池负极材料,自动化涂布机,涂覆隔膜,铝塑包装膜,纳米氧化铝等关键材料及工艺设备研发,生产和销售,为下游客户提供专业性,高品质的新能源锂离子电池材料及专业工艺设备综合解决方案,通过渠道共享,研发合作,工艺配套等实现了关键业务价值链的产业协同.主要产品:锂离子电池主要原材料,涂布机属于锂离子电池关键生产装备,铝塑包装膜属于聚合物软包锂离子电池关键辅助材料.",陈卫,上海,69443.97,韩钟伟,20121106,www.putailai.com,璞泰来,2018,SHSE,SHSE,化工,10130,-,特种化学制品,10130020,104151883000,100.79,92.91,¥144.80,基础材料,101,0.0,0,0,0.0,-10000.0,-282660,-3.29,3.29,1.0,86.45,69.69,77.38,87.13,2020-12-31T05:00:00Z,{5_trade_sell},{trade_sell},2020Q4_1748990
300450,2020Q4_1748984,江苏省无锡市新吴区新锡路20号(经营场所:无锡市新吴区新洲路18号),许可项目：货物进出口；进出口代理(依法须经批准的项目，经相关部门批准后方可开展经营活动，具体经营项目以审批结果为准)一般项目：专用设备制造(不含许可类专业设备制造)；电子专用设备制造；电子专用设备销售；软件开发；人工智能应用软件开发；工业设计服务；信息咨询服务(不含许可类信息咨询服务)、信息技术咨询服务(除依法须经批准的项目外，凭营业执照依法自主开展经营活动),王燕清,无锡市,公司是国家火炬计划重点高新技术企业、国家两化融合示范企业。公司是全球新能源装备的龙头企业，涵盖锂电池装备、光伏装备、3C检测装备、智能仓储物流系统、汽车智能产线等业务。公司专业从事高端自动化成套装备的研发设计、生产销售，为锂电池、光伏电池/组件、3C、薄膜电容器等节能环保及新能源产品的生产制造商提供高端全自动智能装备及解决方案。公司的产品性能达到国际先进水平，能根据客户要求研发各种个性化智能装备。公司拥有数百项授权专利，多项装备被认定为省高新技术产品、省首台套重大装备、省名牌产品等。,lead@leadchina.cn;longfei.miao@leadchina.cn;jianfeng.zhou@leadchina.cn,"专业从事自动化成套设备的研发,设计,生产与销售以及自动化整体解决方案的供应商,公司主要为薄膜电容器,锂电池,光伏电池/组件等节能环保及新能源产品的生产制造厂商提供设备及解决方案.主要产品:播磨电容器设备,锂电池设备,光伏自动化生产配套设备.",王燕清,江苏,145171.6,周建峰,20020430,www.leadchina.cn,先导智能,2020,SZSE,SZSE,工业制品,31070,-,特种工业机械,31070020,102381147000,32.26,28.62,¥62.66,工业,310,0.0,0,0,0.0,-10000.0,-703520,-3.21,3.21,1.0,53.12,32.72,40.76,53.73,2020-12-31T05:00:00Z,{5_trade_sell},{trade_sell},2020Q4_1748984
600588,2020Q4_1748969,北京市海淀区北清路68号,电子计算机软件、硬件及外部设备的技术开发、技术咨询、技术转让、技术服务、技术培训；计算机系统集成；销售打印纸和计算机耗材；物业管理；企业管理咨询；数据库服务；销售电子计算机软硬件及外部设备；设计、制作、代理、发布广告；自营和代理各类商品和技术的进出口，但国家限定公司经营或禁止进出口的商品和技术除外；出租办公用房；零售图书；互联网数据中心业务(机房所在地为北京、南昌)、互联网接入服务业务(北京、南昌)、信息服务业务(不含互联网信息服务)(全国)(增值电信业务经营许可证有效期至2025年06月18日)；互联网信息服务。(市场主体依法自主选择经营项目，开展经营活动；互联网信息服务、互联网数据中心业务(机房所在地为北京、南昌)、互联网接入服务业务(北京、南昌)、信息服务业务(不含互联网信息服务)(全国)以及依法须经批准的项目，经相关部门批准后依批准的内容开展经营活动；不得从事国家和本市产业政策禁止和限制类项目的经营活动。)(公司经营范围以市场监督管理机关核准的经营范围为准。),王文京,北京市,公司是领先的综合型、融合化、生态式的企业服务提供商，致力于服务中国及全球企业与公共组织的数字化转型与智能化发展，推动企业服务产业变革，用创想与技术推动商业和社会进步。基于移动互联网、云计算、大数据、社交等先进技术，用友UAP私有云平台是中国大型企业和公共组织应用最广泛的企业计算平台，畅捷通公有云平台在小微企业和各类企业公共应用服务中得到运用。中国及亚太地区超过400万家企业与公共组织通过使用用友软件和云服务，实现精细管理、敏捷经营、业务创新。公司连续多年被评定为国家“规划布局内重点软件企业”，“用友ERP管理软件”系“中国名牌产品”，“用友”系中国驰名商标，公司拥有系统集成一级资质，获中国绿色公司百强。,ir@yonyou.com,"主要产品:软件销售,技术服务及培训,软件配套用品销售.",王文京,北京,327053.15,齐麟,19950118,www.yonyou.com,用友网络,2017,SHSE,SHSE,软件,31110,-,软件应用,31110020,106094311000,-10.19,-25.48,¥31.97,科技,311,0.0,0,0,0.0,-10000.0,-455600,-3.18,3.18,1.0,52.65,37.61,43.95,-27.26,2020-12-31T05:00:00Z,{5_trade_sell},{trade_sell},2020Q4_1748969
603881,2020Q4_1748987,上海市静安区江场三路166号,一般项目：互联网数据服务；信息系统运行维护服务；大数据服务；互联网信息服务；工业互联网数据服务；互联网安全服务；信息技术咨询服务；网络与信息安全软件开发；软件开发；物联网技术开发；技术服务、技术开发、技术咨询、技术交流、技术转让、技术推广；5G通信技术服务；计算机软硬件及外围设备制造；计算机软硬件及辅助设备批发；计算机软硬件及辅助设备零售；云计算设备销售；互联网设备销售；网络设备销售；互联网销售(除销售需要许可的商品)；信息系统集成服务；普通机械设备安装服务；网络设备制造；网络技术服务；物业管理。(依法须经批准的项目，经相关部门批准后方可开展经营活动)许可项目：互联网信息服务；建筑智能化工程施工；第一类增值电信业务；建设工程监理。(依法须经批准的项目，经相关部门批准后方可开展经营活动),罗岚,上海市,公司的主营业务为数据中心服务，并以批发型数据中心服务为主，零售型数据中心服务和数据中心增值服务为辅。其中，批发型数据中心服务主要系根据大型数据中心用户(如，大型互联网企业或金融机构)复杂多样化的应用部署需求特点，通过提供定制化的规划、设计、系统集成、运营管理服务来满足最终用户的独特数据中心服务需求，从而实现数据中心从整体上做到端到端系统化地与最终用户行业承载的服务保持最佳的适配，在能源效率以及总体效率方面大大优于传统数据中心。,ir@athub.com,"公司的主营业务为数据中心服务,并以批发型数据中心服务为主,零售型数据中心服务和数据中心增值服务为辅.",曾犁,上海,32892.72,林丽霞,20091118,www.athub.com,数据港,2020,SHSE,SHSE,软件,31110,-,软件和信息技术服务,31110010,10596219000,6.32,-24.21,¥32.54,科技,311,0.0,0,0,0.0,-10000.0,-220220,-2.69,2.69,1.0,57.07,40.41,48.88,-33.43,2020-12-31T05:00:00Z,{5_trade_sell},{trade_sell},2020Q4_1748987
300379,2020Q4_1748981,北京市海淀区中关村南大街2号数码大厦A座22层,技术推广；软件服务；销售计算机、软件及辅助设备。(市场主体依法自主选择经营项目，开展经营活动；依法须经批准的项目，经相关部门批准后依批准的内容开展经营活动；不得从事国家和本市产业政策禁止和限制类项目的经营活动。),黄永军,北京市,公司是领先的基础软件和信息安全解决方案提供商。通过先进的软件产品和技术，东方通为客户提供安全可靠的中间件、信息安全、创新应用产品与解决方案，帮助用户实现业务创新、安全管控和数据的共享与价值挖掘。公司连续多年被认定为“国家规划布局内重点软件企业”，被商务部、国资委认证为“企业信用评价AAA级信用企业”。在技术领域，公司是Java技术国际标准组织JCP和全国信息技术标准化委员会的核心成员，参与了JavaEE、中间件、SOA、智慧城市等国际及国内标准制定。同时，公司是“核高基”国家重大科技专项的研制单位，曾荣获国务院颁发的“国家科技进步二等奖”。作为国产中间件的开拓者和领导者，东方通中间件、信息安全软件等软件产品及解决方案在国内数千个行业业务中被广泛应用，拥有2000多家金融、通信、政府、能源、交通等企业级用户和500多家合作伙伴。,tongtech@tongtech.com,"主营业务:中间件产品的研发,销售和相关技术服务,报告期内公司营业收入基本全部来自于中间件软件产品的销售及相关技术服务.",黄永军,北京,45408.19,徐少璞,19970811,www.tongtech.com,东方通,2020,SZSE,SZSE,软件,31110,-,软件应用,31110020,14351523000,30.93,12.19,¥31.11,科技,311,0.0,0,0,0.0,-10000.0,-620640,-2.64,2.64,1.0,28.56,20.86,23.17,34.27,2020-12-31T05:00:00Z,{5_trade_sell},{trade_sell},2020Q4_1748981
600867,2020Q4_1748970,吉林省通化市通化县东宝新村,硬胶囊剂、片剂(含激素类)、颗粒剂、小容量注射剂、原料药(重组人胰岛素、甘精胰岛素)、生物工程产品(重组人胰岛素注射剂、甘精胰岛素注射液)、Ⅱ类6854手术室、急救室、诊疗设备及器具、Ⅱ类6815注射穿刺器械、Ⅲ类6815注射穿刺器械、Ⅱ类：6840临床检验分析仪器及诊断试剂(含诊断试剂)；6841医用化验和基础设备器具。,冷春生,通化市,"公司主要从事医药研发和制造,主要业务涵盖生物制品、中成药，化学药，治疗领域以糖尿病、心脑血管为主，公司拥有国家级企业技术中心、国家GMP和欧盟GMP认证的生产车间。被国家认定为高新技术企业、国家技术创新示范企业、ISO14001环境体系认证企业。主要产品包括重组人胰岛素原料药、重组人胰岛素注射剂(商品名：甘舒霖)、镇脑宁胶囊等。公司“东宝”商标被国家工商总局认定为中国驰名商标。公司拥有以重组人胰岛素(商品名：甘舒霖)为代表的系列产品。公司产品已完成了世界上40多个国家的现场检查，已完成注册并出口波兰、白俄罗斯等18个国家，广泛应用于临床治疗。重组人胰岛素原料药生产基地已通过欧盟认证，产品的国际市场大大拓宽。同时公司积极开发胰岛素类似物产，长效、短效、速效胰岛素产品，化学口服降糖药品、满足市场上不同糖尿病患者的用药需求，为国内糖尿病患者提供了更多的用药选择。",sufan@thdb.com;guliping@thdb.com;thdb600867@thdb.com,"主要产品为重组人胰岛素冻干粉及注射液,大输液制品,镇脑宁胶囊,东宝甘泰片,塑钢窗等.",冷春生,吉林,203398.85,苏璠,19921228,www.thdb.com,通化东宝,2012,SHSE,SHSE,医药制造,20620,-,通用医药制造,20620010,24287034000,1.0,-9.57,¥11.83,医疗保健,206,0.0,0,0,0.0,-10000.0,-907200,-2.5,2.5,1.0,17.65,12.9,14.25,-16.98,2020-12-31T05:00:00Z,{5_trade_sell},{trade_sell},2020Q4_1748970
300673,2020Q4_1748989,浙江省温州市平阳县水头镇工业园区宠乐路2号,宠物营养品及其他宠物健康产品的研发；宠物日用品生产、销售；宠物食品生产、销售；货物进出口、技术进出口；投资管理。,陈振标,温州市,"公司是目前我国宠物休闲食品领域最具规模和影响力的公司，也是中国检验检疫协会宠物分会副会长单位,国家标准《宠物食品-狗咬胶》的主持制定单位。作为专注从事宠物食品供应商以来，佩蒂一直遵循“诚信、创新、发展”的经营理念，坚持以“孜求不断满足并超越客户期望”作为企业质量管理方针，严格按照国际食品法规加工生产高品质的专业宠物零食产品，增进人与宠物的彼此关爱，领跑中国的宠物爱心事业。近几年来，企业先后获得“中国质量诚信企业”、“中礼协中国最具竞争力企业”、“中国宠物用品行业十强竞争力企业”、“浙江省出口重点扶持100家优秀企业”，“中国高新技术企业”等诸多荣誉。",cpet@peidibrand.com;wanght@peidibrand.com,"是专业从事营养保健型,功能型宠物休闲食品研发,生产和销售的公司是专业从事营养保健型,功能型宠物休闲食品研发,生产和销售的高新技术企业,主要产品有畜皮咬胶,植物咬胶,营养肉质零食,可食用鸟食及小动物玩具,烘焙饼干等.",陈振标,浙江,25341.12,唐照波,20021021,www.peidibrand.com,佩蒂股份,0,SZSE,SZSE,农副加工食品,20525,-,加工食品,20525040,5379660000,1.71,0.99,¥20.71,非周期性消费,205,0.0,0,0,0.0,-10000.0,-563850,-2.31,2.31,1.5,26.55,16.09,21.18,-2.22,2020-12-31T05:00:00Z,{5_trade_sell},{trade_sell},2020Q4_1748989
603496,2020Q4_1748988,上海市闵行区陈行路2388号8号楼6楼,信息科技和网络通信技术领域内的技术开发、技术服务、技术咨询、技术转让、通信设备、计算机软硬件及相关配套设备、电子设备及元器件、光器件、安全技术防范产品的设计开发、销售和服务，计算机系统集成，网络工程、通信建设工程设计与施工，从事货物及技术的进出口服务。【依法须经批准的项目，经相关部门批准后方可开展经营活动】,沈振宇,上海市,公司是国内领先的网络可视化基础架构以及嵌入式与融合计算平台提供商，致力于为信息安全、无线网络、网络通信、特种设备、云计算与视频等领域提供业界领先的产品和解决方案。公司的网络可视化基础架构产品涵盖网络可视化应用系统的基础设备、核心模块及解决方案，主要包括针对宽带互联网、移动网互联网、企业网和行业专网等不同标准不同规模的网络，在各种网络接口进行流量数据的采集、分流、分析和管理的设备、模块与相关软件。嵌入式与融合计算平台则主要包括基于行业标准的与定制化的网络应用平台、嵌入式单板计算机、异构计算平台、大数据处理平台等，为无线网络、信息安全、网络通信、特种设备、云计算与视频等领域提供可集成、可二次开发的信息系统平台或解决方案。公司在上海和武汉两地成立一流的研发机构，在国内多个城市设立办事和服务基地，打造精品意识，服务全国客户。同时，公司积极开拓国际市场，与国际知名厂商建立战略伙伴关系，展开深度和广泛的合作，稳步推进公司国际化进程。,securities.affairs@embedway.com,"公司一直从事智能系统解决方案的研发,销售与服务,是国内领先的网络可视化基础架构以及嵌入式与融合计算平台提供商之一,致力于为信息安全,无线网络,通信设备,电信增值业务,网络与信令监测,军工,视频等领域提供业界领先的产品和解决方案.主要产品类别有网络可视化基础架构,嵌入式与融合计算平台.",沈振宇,上海,19904.65,王翔,20030331,www.embedway.com,恒为科技,2020,SHSE,SHSE,硬件,31120,-,通讯设备,31120010,2961886000,-7.57,-5.24,¥14.88,科技,311,0.0,0,0,0.0,-10000.0,-564400,-1.99,1.99,1.0,21.59,15.4,19.15,-22.3,2020-12-31T05:00:00Z,{5_trade_sell},{trade_sell},2020Q4_1748988
002777,2020Q4_1748985,四川省成都市锦江区三色路163号,研制、开发、生产、销售计算机软硬件、网络设备、办公机械、货币专用设备、机电设备(不含九座以下乘用车)；软件运行维护服务、硬件运行维护服务；信息技术服务；信息安全服务；技术咨询；信息系统集成；智能弱电工程设计、施工；公共安全技术防范工程的设计、施工；货物进出口、技术进出口；医药、医疗咨询服务；开发、销售电子产品、通讯产品；增值电信业务经营；零售：药品；销售医疗器械；教育咨询；(依法须经批准的项目，经相关部门批准后方可开展经营活动)。,连春华,成都市,公司是民生与国防信息化及大数据应用服务提供商，围绕医疗健康与医疗保障、数字政务与智慧城市、智慧院所与军民融合三大战略板块，提供信息化解决方案及咨询服务、自主知识产权软件产品、系统集成服务、运维服务、互联网运营服务及大数据服务。公司是人社部社会保险管理信息系统核心平台一、二、三版的主研单位，是人社部行业信息化建设的战略合作伙伴及部颁标准制定参与者。久远银海的产品及解决方案覆盖人社行业各领域，市场覆盖全国10余个省(自治区、直辖市)。,public@yinhai.com;yangchengwen@yinhai.com;youxin@yinhai.com,"主要产品:医疗健康与医疗保障,数字政务与智慧城市,智慧院所与军民融合,技术平台软件.主营业务:围绕医疗健康与医疗保障,数字政务与智慧城市,智慧院所与军民融合三大战略板块,提供信息化解决方案及咨询服务,自主知识产权软件产品,系统集成服务,运维服务,互联网运营服务及大数据服务.",连春华,四川,31402.39,杨成文,20081124,www.yinhai.com,久远银海,2016,SZSE,SZSE,软件,31110,-,软件应用,31110020,5577335000,-1.1,-22.79,¥17.87,科技,311,0.0,0,0,0.0,-10000.0,-381900,-1.84,1.84,1.0,25.24,20.4,22.95,-22.14,2020-12-31T05:00:00Z,{5_trade_sell},{trade_sell},2020Q4_1748985
002126,2020Q4_1748974,浙江省台州市天台县福溪街道始丰东路8号,实业投资；汽车零部件、船用配件、摩托车配件、机械配件、电子产品、基础工程设备、化工设备的设计、制造、销售，商用车、金属材料的销售；机械技术服务；经营进出口业务(国家法律法规禁止、限制的除外)。,徐小敏,台州市,公司是一家专业研发、制造和销售各种热交换器及尾气后处理等产品的国家级高新技术企业。目前公司是中国内燃机标准化技术委员会热交换器行业标准的牵头制订单位，建有国家级企业技术中心、省级重点企业研究院、省级工程实验室和国家级博士后科研工作站。公司在浙江、上海、湖北、山东等地建有生产基地和研发中心、并在北美、欧洲等地建有生产基地和研发分中心。公司主要产品有：新能源汽车热管理相关的高低温水箱、Chiller(电池深冷器)、电池冷却板、电机冷却器、电控冷却器、前端冷却模块、PTC加热器等，广泛应用于汽车、工程机械、农业机械、压缩机、风力发电、火车机车、轮船等热交换及尾气后处理领域。多年来，公司将自己的专业技术发展到新的应用领域，使其业务不断向农业机械、压缩机、船舶、风力发电、发电机组、火车机车及工业、民用等热交换领域市场拓展和延伸。公司已由简单的为客户提供产品发展到能以客户为中心提供换热解决方案，正被全球范围内越来越多的主机厂商肯定和认可，成为其在中国甚至全球热系统首选供应商。公司愿景是成为提供高效换热解决方案的世界级优秀企业。,002126@yinlun.cn,"主要产品::新能源汽车热管理相关的高低温水箱,Chiller(电池深冷器),电池冷却板,电机冷却器,电控冷却器,前端冷却模块,PTC加热器等.主要业务:研发,制造和销售各种热交换器及尾气后处理等产品.",夏军,浙江,79209.51,陈敏,19990310,www.yinlun.cn,银轮股份,2012,SZSE,SZSE,汽车和配件,10200,-,汽车配件,10200030,8483971000,7.3,-22.08,¥10.58,周期性消费,102,0.0,0,0,0.0,-10000.0,-937000,-1.81,1.81,1.0,13.88,11.09,12.47,-15.16,2020-12-31T05:00:00Z,{5_trade_sell},{trade_sell},2020Q4_1748974
300598,2020Q4_1748986,江苏省南京市雨花台区宁双路19号4幢,商业流程和软件外包服务及相关的信息咨询服务、技术开发、技术转让、技术咨询、技术服务；计算机系统集成；汽车电子产品、通讯产品的研发、销售；影音软件的开发。(依法须经批准的项目，经相关部门批准后方可开展经营活动)一般项目：计算机软硬件及外围设备制造；计算机软硬件及辅助设备批发；计算机软硬件及辅助设备零售(除依法须经批准的项目外，凭营业执照依法自主开展经营活动),王继平,南京市,公司成立于2006年9月，智能科技专家，专注于智能手机、智能汽车、智能硬件、人工智能以及移动互联网领域的嵌入式软件技术研发与创新，致力于为客户提供全生命周期的解决方案。公司总部位于中国南京，在成都、武汉、西安、芜湖等地设立了研发中心，在北京、上海等一线城市为客户提供技术资源服务，在美国、德国、日本、印度等国家设立海外资源中心，服务于众多世界500强客户。公司与主流知名移动芯片厂商、移动终端设备厂商、汽车厂商以及移动互联网厂商建立了长期稳定的合作关系。公司通过了CMMI5、信息系统集成及服务资质二级认证、质量、信息安全、环境、健康职业等管理体系认证。,chengmai@archermind.com,"公司是移动智能终端软件和技术解决方案主要提供商,主营业务为移动智能终端相关的软件研发,销售及技术服务.",刘冰冰,江苏,15834.91,王锟,20060901,www.archermind.com,诚迈科技,2020,SZSE,SZSE,软件,31110,-,软件和信息技术服务,31110010,11616197000,58.07,-7.31,¥73.36,科技,311,0.0,0,0,0.0,-10000.0,-81448,-1.63,1.63,1.0,103.94,71.2,83.7,-12.35,2020-12-31T05:00:00Z,{5_trade_sell},{trade_sell},2020Q4_1748986
603596,2020Q4_1748991,安徽省芜湖市经济技术开发区泰山路19号,研发、制造和销售各类汽车安全系统零部件，相关技术及管理咨询服务(国家限制、禁止类除外，涉及专项许可的凭许可证经营)，货物及技术进出口。,袁永彬,芜湖市,公司是一家专业从事汽车安全系统相关产品研发、制造与销售的企业，是国内具备整车制动系统开发能力的国家级高新技术企业。公司拥有各种乘用车与商用车前后盘式制动器、鼓式制动器、后综合驻车制动器(IPB)、后盘带鼓制动器(DIH)、制动主缸、真空助力器、铸铝转向节的自主开发与制造能力；公司成立伊始，一直致力于高端电子控制产品自主研发，已具备智能电子驻车系统(EPB)、汽车防抱死系统(ABS)和整车稳定控制系统(ESC)的独立开发与制造能力。同时，公司拥有完备的实验测试设备，能自主完成从产品设计至生产全过程精密测量与各种综合性能实验；其柔性的装备线，对产品关键性能进行100%在线监测，从而确保了产品卓越的性能；公司拥有年产盘式制动器800万件、EPB产品300万件和真空助力器/主缸70万件的生产能力。,investor@btl-auto.com,"公司的主要产品分基础的机械制动产品和高端的电控制动产品两大类,前者主要包括盘式制动器,轻量化制动零部件及真空助力器;后者主要包括电子驻车系统(EPB),制动防抱死系统(ABS)及电子稳定控制系统(ESC)..公司的主营业务是汽车制动系统相关产品的研发,生产和销售,同时具备基础的机械制动系统产品和高端的电控制动系统产品的自主正向开发能力.",袁永彬,安徽,40856.1,陈忠喜,20040625,www.btl-auto.com,伯特利,2019,SHSE,SHSE,汽车和配件,10200,-,汽车配件,10200030,14938463000,23.04,8.12,¥36.95,周期性消费,102,0.0,0,0,0.0,-10000.0,-285700,-1.59,1.59,1.0,40.57,31.22,36.43,1.43,2020-12-31T05:00:00Z,{5_trade_sell},{trade_sell},2020Q4_1748991
300113,2020Q4_1748979,浙江省杭州市西湖区文一西路857号杭州智慧产业创业园A座,经营第二类增值电信业务(范围详见有效《中华人民共和国增值电信业务经营许可证》)；利用互联网经营游戏产品(范围详见有效《网络文化经营许可证》)。计算机软件的技术开发、咨询、成果转让，计算机系统集成，培训服务，设计、制作、发布国内广告；通信设备、电子元器件、计算机及配件、网络设备的销售(依法须经批准的项目，经相关部门批准后方可开展经营活动)(以公司登记机关核准的为准),华勇,杭州市,公司致力于打造国内领先的互联网娱乐平台，为网民提供全方位、个性化的网上娱乐体验，并充分利用公司在互联网娱乐领域的平台优势开发并提供多种形式的增值服务，构建了中国领先的网吧互联网娱乐平台。在满足用户娱乐内容获取与信息传递的需求方面，顺网拥有网吧行业领先的“网维大师”，并成为网吧行业的领军品牌。公司凭借业内领先的“穿透还原”和“三层更新”技术为网吧在安全管理、系统维护和娱乐内容更新管理方面提供了卓越的解决方案。,DSH@shunwang.com,"互联网娱乐平台的设计,推广,网络广告推广及互联网增值服务相关业务.公司致力于打造国内领先的互联网娱乐平台,为网民提供全方位,个性化的网上娱乐体验,并充分利用公司在互联网娱乐领域的平台优势开发并提供多种形式的增值服务.",华勇,浙江,69428.72,俞国燕,20050711,www.shunwang.com/www.300113.com,顺网科技,2020,SZSE,SZSE,交互式媒体,30830,-,电子游戏和多媒体,30830020,9949752000,9.88,-16.33,¥13.99,通信服务,308,0.0,0,0,0.0,-10000.0,-381900,-1.53,1.53,1.0,19.07,15.82,17.37,-19.46,2020-12-31T05:00:00Z,{5_trade_sell},{trade_sell},2020Q4_1748979
603369,2020Q4_1748983,江苏省淮安市涟水县高沟镇今世缘大道1号,白酒生产、销售本公司产品；配制酒的生产、销售；预包装食品批发与零售；自营和代理各类商品及技术的进出口业务(国家限定企业经营或禁止进出口的商品和技术除外)；品牌策划；酒类新产品开发；服装鞋帽制造、销售；设计、制作、代理一般广告；企业管理咨询。(依法须经批准的项目，经相关部门批准后方可开展经营活动),周素明,淮安市,公司主要从事浓香型白酒的生产、加工和销售。拥有“国缘”、“今世缘”和“高沟”三个著名商标，其中，“国缘”、“今世缘”是“中国驰名商标”，“高沟”是“中华老字号”。公司先后荣获中国白酒智能化酿造示范车间、推动中国酒业发展企业、中国食品工业科技进步企业、全国轻工行业先进集体、全国“守合同，重信用”企业、全国质量和服务诚信企业、全国“五一”劳动奖状、全国模范劳动关系和谐企业、全国模范职工之家、全国企业文化建设先进单位、全国质量奖、全国文明单位、国家4A级旅游景区等称号。,jsydmb@163.com,"主营白酒生产和销售,主要产品“今世缘”,“国缘”,“高沟”等系列品牌产品.主要产品属浓香型白酒",顾祥悦,江苏,125450.0,王卫东,19971223,www.jinshiyuan.com.cn,XD今世缘,2015,SHSE,SHSE,酒精饮料,20510,-,其他酒类,20510020,73801715000,16.82,3.47,¥58.12,非周期性消费,205,0.0,0,0,0.0,-10000.0,-238400,-1.5,1.5,1.0,57.96,41.3,49.01,18.59,2020-12-31T05:00:00Z,{5_trade_sell},{trade_sell},2020Q4_1748983
002594,2020Q4_1748980,广东省深圳市坪山新区比亚迪路3009号,锂离子电池以及其他电池、充电器、电子产品、仪器仪表、柔性线路板、五金制品、液晶显示器、手机零配件、模具、塑胶制品及其相关附件的生产、销售；3D眼镜、GPS导航产品的研发、生产及销售；货物及技术进出口(不含分销、国家专营专控商品)；作为比亚迪汽车有限公司比亚迪品牌乘用车、电动车的总经销商，从事上述品牌的乘用车、电动车及其零部件的营销、批发和出口，提供售后服务；电池管理系统、换流柜、逆变柜/器、汇流箱、开关柜、储能机组的销售；汽车电子装置研发、销售；新能源汽车关键零部件研发以及上述零部件的关键零件、部件的研发、销售；轨道交通运输设备(含轨道交通车辆、工程机械、各类机电设备、电子设备及零部件、电子电气件、轨道交通信号系统、通信及综合监控系统与设备)的研发、设计、销售、租赁与售后服务(不涉及国营贸易管理商品，涉及配额、许可证管理及其他专项管理的商品，按国家有关规定办理申请)；轨道梁柱的研发、设计、销售；自有物业租赁(物业位于大鹏新区葵涌街道延安路一号比亚迪工业园内及龙岗区龙岗街道宝龙工业城宝荷路3001号比亚迪工业园内)；广告设计、制作、代理及发布；信息与技术咨询、技术服务。,王传福,深圳市,比亚迪是一家致力于“用技术创新，满足人们对美好生活的向往”的高新技术企业。比亚迪成立于1995年2月，经过20多年的高速发展，已在全球设立30多个工业园，实现全球六大洲的战略布局。比亚迪业务布局涵盖电子、汽车、新能源和轨道交通等领域，并在这些领域发挥着举足轻重的作用，从能源的获取、存储，再到应用，全方位构建零排放的新能源整体解决方案。比亚迪是香港和深圳上市公司，营业额和总市值均超过千亿元。,db@byd.com,"包含传统燃油汽车及新能源汽车在内的汽车业务,手机部件及组装业务,以及二次充电电池及新能源业务",王传福,广东,286114.29,李黔,19950210,www.byd.com,比亚迪,2020,SZSE,SZSE,汽车和配件,10200,-,汽车制造,10200020,605722716000,42.85,21.67,¥222.88,周期性消费,102,0.0,0,0,0.0,-10000.0,-113100,-1.28,1.28,1.0,194.3,120.27,166.26,34.06,2020-12-31T05:00:00Z,{5_trade_sell},{trade_sell},2020Q4_1748980
002142,2020Q4_1748973,浙江省宁波市鄞州区宁东路345号,(一)吸收公众存款；(二)发放短期、中期和长期贷款；(三)办理国内外结算；(四)办理票据承兑与贴现；(五)发行金融债券；(六)代理发行、代理兑付、承销政府债券；(七)买卖政府债券、金融债券；(八)从事同业拆借；(九)从事银行卡业务；(十)提供信用证服务及担保；(十一)代理收付款项及代理保险业务；(十二)提供保管箱服务；(十三)经中国银行业监督管理机构、中国人民银行和国家外汇管理机关批准的其他业务。,陆华裕,宁波市,公司成立于1997年4月10日，2007年7月19日成为国内首家在深圳证券交易所挂牌上市的城市商业银行。公司前两大股东分别是宁波市政府和新加坡华侨银行，新加坡华侨银行是东南亚第二大金融服务集团，是国际上具有最高评级的银行之一，拥有穆迪Aa1级评级。公司以“了解的市场，熟悉的客户”为准入原则，坚持“门当户对”的经营策略，以为客户提供多元化金融服务为目标，打造“公司银行、零售公司、个人银行、金融市场、信用卡、票据业务、投资银行、资产托管、资产管理”九大利润中心，初步形成多元化的业务增长模式和良好的品牌形象。,dsh@nbcb.com.cn,"主要产品:公司贷款,个人贷款,房屋贷款是本行个人贷款.",罗孟波,浙江,562832.95,俞罡,19970410,www.nbcb.com.cn,宁波银行,2017,SZSE,SZSE,银行,10320,-,区域性银行,10320020,222110887000,-2.31,5.38,¥37.01,金融服务,103,0.0,0,0,0.0,-10000.0,-273400,-1.14,1.14,1.0,38.0,27.89,33.6,10.15,2020-12-31T05:00:00Z,{5_trade_sell},{trade_sell},2020Q4_1748973
002460,2020Q4_1748977,江西省新余市经济开发区龙腾路,危险化学品经营；货物进出口；基础化学原料制造(不含危险化学品等许可类化学品的制造)；化工产品销售(不含许可类化工产品)；常用有色金属冶炼；有色金属合金制造；有色金属合金销售；电池制造；资源再生利用技术研发；新材料技术推广服务；工程和技术研究和试验发展；以自有资金从事投资活动。,李良彬,新余市,公司是全球领先的锂化合物生产商及金属锂生产商。公司的产品广泛用于众多应用领域，尤其是在电动汽车、化学品及制药方面。公司完善的产品供应组合令公司能有效处理公司客户的独特且多元的产品需求。大部分客户均为各自行业的全球领袖并设有各式各样的要求和规格。公司拥有垂直整合的业务模式，业务涵盖上游锂提取、中游锂化合物及金属锂加工以及下游锂电池生产及回收等价值链的各重要环节。公司从中游锂化合物及金属锂制造商起步，并成功扩大到产业链的上下游，以取得具竞争力的锂原材料供应、确保成本及营运效益、于各个业务线间实现协同效应、收集最新的市场信息及发展顶尖技术。,ouyangming@ganfenglithium.com;liyichuan@ganfenglithium.com,"主营业务为深加工锂产品的研究,开发,生产与销售.主要产品包括金属锂(工业级,电池级),碳酸锂(电池级),氯化锂(工业级,催化剂级),丁基锂,氟化锂(工业级,电池级)等二十余种.",李良彬,江西,143747.89,欧阳明,20000302,www.ganfenglithium.com,赣锋锂业,2014,SZSE,SZSE,化工,10130,-,化学制品,10130010,219621860000,71.6,65.9,¥165.31,基础材料,101,0.0,0,0,0.0,-10000.0,-103400,-0.88,0.88,1.0,108.88,46.85,65.16,153.7,2020-12-31T05:00:00Z,{5_trade_sell},{trade_sell},2020Q4_1748977
688188,2020Q4_1748992,上海市闵行区剑川路953弄322号,"计算机软件及辅助设备、电子及机电产品专业领域内的技术开发、技术转让、技术咨询、技术服务,计算机软硬件、通讯设备、仪器仪表、机电产品的销售。",唐晔,上海市,公司是一家从事激光切割控制系统的研发、生产和销售的高新技术企业和重点软件企业，是国家首批从事光纤激光切割成套控制系统开发的民营企业，致力于为激光加工提供稳定、高效的自动化控制解决方案，推动中国工业自动化的发展，公司主营业务系为各类激光切割设备制造商提供以激光切割控制系统为核心的各类自动化产品，公司产品以自主软件开发为核心，并与板卡、总线主站、电容调高器等硬件集成后进行销售，其中部分硬件通过外协厂商进行加工。公司全部产品均直接销售给下游客户，不存在通过代理或经销商销售的情形。中低功率激光切割控制系统领域中，目前国产激光运动控制系统已占据中国市场的主导地位。公司通过自主研发，承担了国家技术创新基金项目、上海市创新资金项目、上海市软件和集成电路产业发展专项资金项目、闵行区科研项目与闵行区产学研项目等一系列技术项目，技术水平获得肯定。公司先后荣获“上海市小巨人企业”，上海市“专精特新”企业，“闵行区小巨人培育企业”，“闵行区研发机构”等多项企业荣誉。,bochu@fscut.com,"主营业务为各类激光切割设备制造商提供以激光切割控制系统为核心的各类自动化产品,主要产品包括随动控制系统,板卡控制系统,总线控制系统及其他相关配套产品.",卢琳,上海,10029.78,周荇,20070911,www.fscut.com,柏楚电子,0,SHSE,SHSE,半导体,31130,-,半导体,31130020,46166863000,39.33,73.04,¥461.85,科技,311,0.0,0,0,0.0,-10000.0,-33700,-0.87,0.87,1.0,300.65,240.99,266.56,73.26,2020-12-31T05:00:00Z,{5_trade_sell},{trade_sell},2020Q4_1748992
002080,2020Q4_1748972,北京市海淀区曙光街道远大南街鲁迅文化园创作展示中心1号楼,玻璃纤维、复合材料、过滤材料、矿物棉、其他非金属新材料、工业铂铑合金、浸润剂及相关设备研究、制造与销售；技术转让、咨询服务；工程设计与承包；建筑工程、环境工程专业总承包(设计、施工及相关技术服务)、环境污染治理设施运营、对外承包工程和建筑智能化系统专项工程设计、环境污染防治专项工程、轻工、市政工程设计；玻璃纤维、复合材料、其他非金属新材料工程设计与承包；压力容器、贵金属材料、机械设备、工业自控产品、计算机软件的销售(以上国家有专项专营规定的除外)。经营本企业自产产品的出口业务和本企业所需的机械设备、零配件、原辅材料的进口业务(国家限定公司经营或禁止进出口的商品及技术除外)。,薛忠民,南京市,公司是我国特种纤维复合材料的技术发源地，拥有完整的非金属矿物材料、玻璃纤维、纤维复合材料技术产业链，是我国特种纤维复合材料领域集研发、设计、产品制造与销售、技术装备集成于一体的国家级高新技术企业。业务产品紧扣新能源、航空航天、节能减排、国防军工等应用领域。承继了原南京玻璃纤维研究设计院、北京玻璃钢研究设计院和苏州非金属矿工业设计研究院三个国家级科研院所多年的核心技术资源和人才优势。公司是国家首批创新型企业、国家首批技术创新示范企业、国家高新技术企业，拥有国家重点实验室、国家级企业技术中心、国家级工程技术研究中心、博士后工作站，形成了稳定高效的高层次研发平台，拥有一支国内优秀的新材料研发人才队伍。,sinoma@sinomatech.com,"主营业务:风电叶片,玻璃纤维和其他板块.其他版块主要产品为高压复合气瓶,膜材料制品(高温过滤材料,玻璃纤维纸),锂电池隔膜,技术与装备,及少量贸易和水务",黄再满,江苏,167812.36,陈志斌,20011228,www.sinomatech.com,中材科技,2017,SZSE,SZSE,化工,10130,-,化学制品,10130010,49320721000,40.78,23.2,¥29.08,基础材料,101,0.0,0,0,0.0,-10000.0,-340300,-0.83,0.83,1.0,24.18,15.44,20.08,44.82,2020-12-31T05:00:00Z,{5_trade_sell},{trade_sell},2020Q4_1748972
000977,2020Q4_1748971,山东省济南市浪潮路1036号,计算机软硬件及外围设备制造；计算机软硬件及辅助设备批发；计算机软硬件及辅助设备零售；互联网设备销售；互联网设备制造；软件开发；软件销售；通信设备制造；通信设备销售；通用设备制造(不含特种设备制造)；电子专用材料制造；电子专用材料研发；电子专用材料销售；制冷、空调设备制造；制冷、空调设备销售；钟表与计时仪器制造；钟表与计时仪器销售；计算器设备销售；玩具制造；玩具销售；教学用模型及教具制造；教学用模型及教具销售；技术服务、技术开发、技术咨询、技术交流、技术转让、技术推广；计算机及通讯设备租赁；计算机及办公设备维修；非居住房地产租赁；工程和技术研究和试验发展；工程管理服务；信息系统集成服务；变压器、整流器和电感器制造；配电开关控制设备制造；配电开关控制设备销售；电池制造；电池销售；锻件及粉末冶金制品制造；锻件及粉末冶金制品销售；金属结构制造；金属结构销售；玻璃制造；金属材料制造；金属材料销售；喷涂加工；云计算设备制造；云计算设备销售；信息技术咨询服务；网络技术服务；智能控制系统集成；信息安全设备制造；信息安全设备销售；网络与信息安全软件开发；数字视频监控系统制造；数字视频监控系统销售(除依法须经批准的项目外，凭营业,彭震,济南市,公司是中国领先的云计算、大数据服务商，业务涵盖云数据中心、云服务大数据、智慧城市、智慧企业等产业群组，为全球多个国家和地区提供IT产品和服务，全方位满足政府与企业信息化需求。公司凭借高端服务器、海量存储、云操作系统、信息安全技术为客户打造领先的云计算基础架构平台，基于浪潮政务、企业、行业信息化软件、终端产品和解决方案，全面支撑智慧政府、企业云、垂直行业云建设。公司是全国国家安全可靠计算机信息系统集成重点企业之一，自主研发的中国第一款关键应用主机浪潮K1使中国成为继美日之后第三个掌握高端服务器核心技术的国家，荣获国家科技进步一等奖。公司以数据为核心，基于全球领先的云数据中心平台和云服务平台，打造平台生态型企业，携手合作伙伴构建数据社会化大生态，加快向云服务、大数据、智慧城市“新三大运营商”转型，致力于成为“云＋数”新型互联网企业。,zhangh@inspur.com;000977@inspur.com;zhengyahui@inspur.com,"主要产品:服务器及微型计算机,软件及系统集成.",彭震,山东,145372.13,张宏,19981028,www.inspur.com,浪潮信息,2017,SZSE,SZSE,硬件,31120,-,计算机硬件,31120020,45006267000,13.23,14.66,¥30.99,科技,311,0.0,0,0,0.0,-10000.0,-130700,-0.81,0.81,1.0,33.12,24.43,28.99,6.9,2020-12-31T05:00:00Z,{5_trade_sell},{trade_sell},2020Q4_1748971
002714,2020Q4_1748982,河南省南阳市卧龙区龙升工业园区,畜禽养殖、购销，粮食购销，良种繁育，饲料加工销售，畜产品加工销售，猪粪处理，经营本企业自产产品及相关技术的进出口业务，但国家限定公司经营或禁止进出口的商品及技术除外。,秦英林,南阳市,公司是集饲料加工、生猪育种、种猪扩繁、商品猪饲养、屠宰加工为一体的农业产业化国家重点龙头企业，是我国最大的自育自繁自养大规模一体化的生猪养殖企业之一，也是我国最大的生猪育种企业之一。主营业务为种猪和商品猪的养殖与销售，主要产品为种猪、商品猪。公司拥有一条集饲料加工、生猪育种、种猪扩繁、商品猪饲养等多个环节于一体的完整生猪产业链，并拥有自动化水平较高的猪舍和饲喂系统、强大的生猪育种技术、独特的饲料配方技术。目前，公司是第一批国家生猪核心育种场、国家级星火计划项目证书、国家现代农业产业技术体系生猪产业综合实验站、国家生猪活体储备基地、国家级原种猪场、国家级青年文明号单位、国家生猪试验站。,myzqb@muyuanfoods.com,"公司主营业务为生猪的养殖与销售,主要产品为仔猪,种猪,商品猪.",秦英林,河南,526306.24,秦军,20000713,www.muyuanfoods.com,牧原股份,2019,SZSE,SZSE,农副加工食品,20525,-,农产品,20525020,298409887000,-22.1,5.31,¥54.40,非周期性消费,205,0.0,0,0,0.0,-10000.0,-82320,-0.76,0.76,1.0,69.26,48.65,57.59,-5.54,2020-12-31T05:00:00Z,{5_trade_sell},{trade_sell},2020Q4_1748982
002409,2020Q4_1748978,江苏省无锡市宜兴市经济开发区荆溪北路88号,宜兴市经济开发区荆溪北路16号经营项目：化工新材料的研究、开发；硫酸亚锡、硅油、聚醚、TCPP阻燃剂、TDCP阻燃剂、TCEP阻燃剂、双磷酸酯、复合阻燃剂、氯化亚锡、四氯化锡、复合发泡剂、发泡助剂BK、匀泡剂、二乙烯三胺、三乙烯二胺、胺催化剂、抗氧剂、纸桶、包装箱的制造、加工；化工产品及原料的销售；自营和代理各类商品及技术的进出口业务(国家限定企业经营或禁止进出口的商品和技术除外)；危险化学品生产(辛酸亚锡、盐酸)；危险化学品经营(按许可证所列范围和方式经营)。宜兴市经济开发区荆溪北路88号经营项目：聚氨酯泡沫塑料、玻璃纤维增强塑料制品、深冷复合节能保温材料的制造、加工、销售。,沈琦,无锡市,公司是一家中国深圳证券交易所上市企业，主要致力于电子半导体材料，深冷复合材料以及塑料助剂材料研发和生产。公司通过多种方式参与到集成电路(晶圆制造及封装)、平板显示(包含LCD及OLED)等电子制造产业链各个环节，丰富产品链为客户提供多方位的产品和技术服务，并积极探索新业务模式提升高附加值满足市场的需求；公司具有全球领先的深冷复合材料技术，针对以三航(航空、航天和航海)为代表的高端装备制备需求提供专业性的解决方案；最后以磷系阻燃剂为主的塑料助剂材料的世界主要供应商为客户提供更多有竞争力的产品和服务。2018年，公司通过外延并购，成功切入半导体封装材料领域、电子特气领域、IC材料等领域。,ir@yokechem.com,"主营业务:公司是国内最大的有机磷系阻燃剂生产和出口厂商,主要从事磷酸酯阻燃剂和其他橡塑助剂的研发,生产和销售.主要产品为有机磷系阻燃剂TCPP,TDCP,YOKE V6,BDP等和催化剂Yoke T-9等.",沈琦,江苏,46285.35,覃红健,19971029,www.yokechem.com,雅克科技,2020,SZSE,SZSE,半导体,31130,-,半导体仪器和材料,31130010,38547424000,44.66,40.09,¥82.93,科技,311,0.0,0,0,0.0,-10000.0,-68100,-0.56,0.56,1.0,70.84,46.89,58.53,41.69,2020-12-31T05:00:00Z,{5_trade_sell},{trade_sell},2020Q4_1748978
688025,2020Q4_1748993,广东省深圳市龙华区观湖街道鹭湖社区观盛五路5号泰豪科技园泰豪科技301,光电子元器件、激光器、测量设备、激光加工设备、自动化装备的技术开发、生产与销售；普通货运；货物及技术进出口。(以上均不含法律、行政法规、国务院决定禁止及规定需前置审批项目)光电子元器件、激光器、测量设备、激光加工设备、自动化装备的生产。,黄治家,深圳市,公司是中国首家商用“脉宽可调高功率脉冲光纤激光器(MOPA脉冲光纤激光器)”生产制造商和领先的光电精密检测及激光加工智能装备提供商。公司采用支持成就战略合作客户的业务模式。即利用公司在激光光源及光学检测方面的优势，对客户项目进行早期合作扶持，中后期提供帮助以获取业务订单。公司的主营业务为研发，生产和销售激光器以及主要用于集成电路和半导体光电相关器件精密检测及微加工的智能装备。自主开发了智能光谱检测机，VCSEL激光模组检测系统、硅光晶圆测试系统等多款激光/光学智能装备。专业人才储备，技术研发积累，满足多样化需求的产品结构以及优质的客户资源均是公司在行业竞争中的优势所在。,wjk@jptoe.com,"主营业务为研发,生产和销售激光器以及主要用于集成电路和半导体光电相关器件精密检测及微加工的智能装备.公司的激光器产品包括脉冲光纤激光器,连续光纤激光器和固体激光器等.",刘健,广东,9236.86,吴检柯,20060418,www.jptoe.com,杰普特,0,SHSE,SHSE,硬件,31120,-,电子元件,31120040,4281967000,30.99,7.86,¥46.01,科技,311,0.0,0,0,0.0,-10000.0,-34000,-0.31,0.31,1.0,56.78,39.6,47.02,-2.15,2020-12-31T05:00:00Z,{5_trade_sell},{trade_sell},2020Q4_1748993
688298,2020Q4_1748995,浙江省湖州市安吉县递铺街道阳光大道东段3787号,基因制品、生物制品研究、开发、生产；第二、三类6840体外诊断试剂及第二类6840临床检验分析仪器生产；医用塑料包装材料加工、销售，模具加工、销售；销售本公司产品。(不涉及《外商投资产业指导目录》限制类、禁止类项目)(涉及许可证或专项审批的凭许可证或待审批后经营)(以公司登记机关核准登记的为准),方剑秋,湖州市,公司是一家专业从事体外诊断产品研发、生产与销售的公司，目前已完成从抗原抗体等生物原料，到体外诊断试剂以及体外诊断仪器的全产业链布局，形成了以POCT即时诊断试剂为主导产品，重点发展分子诊断、生物原料、诊断仪器和液态生物芯片等产品的业务格局。发行人一直秉承全球化发展战略，已取得CFDA产品证书及备案凭证66项，FDA(510K)产品认证31项，欧盟CE产品认证225项，加拿大MDL产品认证67项，墨西哥医疗器械产品认证3项，产品远销北美洲、亚洲、非洲、欧洲、南美洲和大洋洲，客户遍布全球一百多个国家，并在美国、加拿大设立了全资子公司，外销占比约95%，是国内少有的全面打开海外市场的医疗器械生产企业。发行人依托全球化的研发团队，建立了“体外诊断试剂省级高新技术企业研究开发中心”和“院士专家工作站”，与比尔及梅琳达·盖茨基金会、上海交通大学、浙江大学、浙江省生物治疗重点实验室等国内外机构展开了合作，先后承担了国家火炬计划、湖州南太湖精英计划等多项科研项目，成功研发了多项体外诊断产品，获得了国家火炬计划产业化示范项目证书、浙江省重点高新技术产品、湖州市科学技术进步奖、浙江省级科学技术成果登记证书等多项荣誉。,zqb@orientgene.com,"专业从事体外诊断产品研发,生产与销售,形成了以POCT即时诊断试剂为主导产品,重点发展分子诊断,生物原料,诊断仪器和液态生物芯片等产品的业务格局.",方效良,浙江,12000.0,章叶平,20051201,www.orientgene.com,东方生物,0,SHSE,SHSE,生物科技,20610,-,生物科技,20610010,22790322000,27.37,-3.37,¥193.08,医疗保健,206,0.0,0,0,0.0,-10000.0,-5300,-0.12,0.12,1.0,203.0,124.37,157.95,22.24,2020-12-31T05:00:00Z,{5_trade_sell},{trade_sell},2020Q4_1748995
688568,2020Q4_1749007,,,,,,,,,,,,,,中科星图,0,SHSE,SHSE,软件,31110,-,软件应用,31110020,13584171000,35.06,38.64,¥62.57,科技,311,0.0,0,0,0.0,-10000.0,-11000,-0.03,0.03,1.0,64.19,41.48,54.97,13.83,2020-12-31T05:00:00Z,{5_trade_sell},{trade_sell},2020Q4_1749007
688027,2020Q4_1749009,,,,,,,,,,,,,,国盾量子,0,SHSE,SHSE,硬件,31120,-,通讯设备,31120010,15948426000,19.38,-14.67,¥200.97,科技,311,0.0,0,0,0.0,-10000.0,-2800,-0.02,0.02,1.0,435.0,211.64,273.11,-26.41,2020-12-31T05:00:00Z,{5_trade_sell},{trade_sell},2020Q4_1749009
688078,2020Q4_1748994,北京市海淀区中关村东路66号世纪科贸大厦C座2106室,技术开发；基础软件服务；应用软件服务；计算机系统服务；数据处理；销售计算机、软件及辅助设备、通讯设备。(企业依法自主选择经营项目，开展经营活动；依法须经批准的项，经相关部门批准后依批准的内容开展经营活动；不得从事本市产业政策禁止和限制类项目的经营活动。),毛善君,北京市,公司专注于煤矿基础地理信息系统与专业应用软件开发与销售，是煤炭智能开采领域龙头厂商。公司以自主研发的“龙软专业地理信息系统”为底层开发平台，向煤炭、石油天然气等能源行业以及各种政企单位客户提供全面、个性化的等以空间信息管理为特点的信息化整体解决方案(智能矿山、智慧安监、智能应急等)，主要产品包括LongRuan GIS、LongRuan GIS“一张图”、LongRuan安全云服务三大基础技术平台及在其基础上开发的系列专业应用软件。公司产品目前已被各矿业集团或公司及下属单位使用广泛，在中国煤炭企业50强中市场占有率达80%。,info@longruan.com,"主营业务是以自主研发的专业地理信息系统平台为基础,利用物联网,大数据,云计算等技术,为煤炭工业的安全生产,智能开采提供工业应用软件及全业务流程信息化整体解决方案;为政府应急和安全监管部门,科研院所,安全生产服务机构,工业园区,高危行业企业提供现代信息技术与安全生产深度融合的智慧应急,智慧安监整体解决方案.",姬阳瑞,北京,7075.0,郭俊英,20020222,www.longruan.com,龙软科技,0,SHSE,SHSE,软件,31110,-,软件应用,31110020,3035032000,83.18,58.58,¥42.99,科技,311,0.0,0,0,0.0,-10000.0,-2800,-0.02,0.02,1.0,39.31,26.34,34.0,26.44,2020-12-31T05:00:00Z,{5_trade_sell},{trade_sell},2020Q4_1748994
688277,2020Q4_1749004,北京市海淀区永泰庄北路1号中关村东升国际科学园7号楼二层,技术开发、技术咨询、技术转让、技术服务；施工总承包、专业承包、劳务分包；销售电子产品、机械设备、Ⅰ类医疗器械、Ⅱ类医疗器械；经济信息咨询；货物进出口、技术进出口、代理进出口；销售医疗器械Ⅲ类（以《医疗器械经营企业许可证》核定的范围为准）；生产医疗器械（Ⅰ、Ⅱ、Ⅲ类）（以《医疗器械生产企业许可证》核定的范围为准）。（市场主体依法自主选择经营项目，开展经营活动；依法须经批准的项目，经相关部门批准后依批准的内容开展经营活动；不得从事国家和本市产业政策禁止和限制类项目的经营活动。）,张送根,北京市,公司是国内骨科手术机器人行业的领军企业，始终专注于骨科手术机器人的研发、生产、销售和服务。以骨科手术机器人为核心产品，为医疗机构提供的产品和服务主要涵盖骨科手术机器人、手术中心专业工程、配套设备与耗材、技术服务四个方面，公司是我国骨科手术机器人产业化的先行者，创始团队成功研制出拥有我国自主知识产权的骨科手术机器人产品，是首家获得CFDA核发的第三类医疗器械注册证的“骨科机器人导航定位系统”。公司第三代产品于2016年11月获得CFDA核发的第三类医疗器械注册证，该产品各项性能指标达到国际同类产品水平，国家卫健委认定“天智航已研发生产出第三代骨科手术机器人产品，在高难骨科手术自动导航技术上成功实现从跟跑并跑迈向领跑”；公司的产品是经国家科技部认定的《创新医疗器械产品目录(2018)》中治疗设备及器械类唯一的“国际原创”产品，在国际范围内，发行人参与编制了关于手术机器人性能与安全基本要求的国际标准；在我国，发行人是“国家机器人标准化总体组”成员单位，参与编制了骨科机器人手术临床指南和诊疗规范，并参与制定了相关国家标准。,tinavi@tinavi.com,"专注于骨科手术机器人的研发,生产,销售和服务,以骨科手术机器人为核心产品.",徐进,北京,41984.68,黄军辉,20101022,cn.tinavi.com,天智航,0,SHSE,SHSE,医疗器械,20650,-,医疗器械和供给,20650020,10310588000,-19.21,-35.27,¥24.21,医疗保健,206,0.0,0,0,0.0,-10000.0,-8800,-0.02,0.02,1.0,70.47,35.88,51.83,-53.29,2020-12-31T05:00:00Z,{5_trade_sell},{trade_sell},2020Q4_1749004
603087,2020Q4_1748998,,,,,,,,,,,,,,甘李药业,0,SHSE,SHSE,医疗器械,20650,-,医疗器械和供给,20650020,49749772000,-28.22,-32.01,¥87.02,医疗保健,206,0.0,0,0,0.0,-10000.0,-1540,-0.02,0.02,1.0,135.5,105.53,122.02,-28.68,2020-12-31T05:00:00Z,{5_trade_sell},{trade_sell},2020Q4_1748998
688377,2020Q4_1749008,,,,,,,,,,,,,,迪威尔,0,SHSE,SHSE,石油与天然气,30910,-,石油与天然气 - 设备与服务,30910060,3112972000,5.79,-14.69,¥15.61,能源,309,0.0,0,0,0.0,-10000.0,-7900,-0.02,0.02,1.0,26.16,18.27,22.93,-31.92,2020-12-31T05:00:00Z,{5_trade_sell},{trade_sell},2020Q4_1749008
688600,2020Q4_1749003,,,,,,,,,,,,,,皖仪科技,0,SHSE,SHSE,硬件,31120,-,科技仪器,31120060,2190751000,9.0,-2.51,¥16.32,科技,311,0.0,0,0,0.0,-10000.0,-5500,-0.01,0.01,1.0,37.26,16.58,24.04,-32.11,2020-12-31T05:00:00Z,{5_trade_sell},{trade_sell},2020Q4_1749003
300845,2020Q4_1749002,河南省郑州市中原区高新技术产业开发区科学大道133号11层,计算机网络技术服务；计算机软件技术开发、技术咨询、技术服务、技术转让；计算机软件销售；机电一体化设备销售、生产、安装、施工、技术开发、技术转让；设备一体化研发、生产和销售；计算机系统集成；信息咨询服务；房屋租赁经营；展览展示服务；建筑智能化工程设计及施工；机电安装工程设计及施工；从事货物和技术的进出口业务。,郑乐观,郑州市,公司是专注于研发并提供虚拟仿真培训解决方案的服务商。业务涵盖轨道交通、焊接、航空航天、国防军备、水利水电、道路桥梁、化工、油田矿井、港口吊装等行业和领域。公司自主研发了具有完全自主知识产权的JanVR模拟仿真引擎与开发平台，潜心专注于虚拟现实技术、系统仿真技术、三维动画技术在各高端行业的应用。多所科研单位、知名院校与我公司展开广泛合作，取得了丰硕的科技成果，现已挂牌成为多所高校研究生虚拟仿真科研创新实践基地。公司拥有多年从事专业技能培训的教师和现场应用的工程师队伍，具备丰富的虚拟仿真技术与产品研发经验，取得了多项国家专利、行业认证及软件著作权登记证书。公司产品大量应用于各铁路局、地铁公司、职业院校等行业单位。,dongshihui@jiean.net,"公司是专注于轨道交通,安全作业,船舶等领域计算机仿真实训系统研发与技术服务的整体解决方案提供商",高志生,河南,9235.6,郑乐观,20020603,www.jantech.cn,捷安高科,0,SZSE,SZSE,软件,31110,-,软件应用,31110020,1873933000,-14.48,-33.91,¥19.82,科技,311,0.0,0,0,0.0,-10000.0,-500,0.0,0.0,1.0,46.6,30.46,39.69,-50.06,2020-12-31T05:00:00Z,{5_trade_sell},{trade_sell},2020Q4_1749002
300846,2020Q4_1749001,北京市朝阳区紫月路18号院9号楼,技术开发、技术推广、技术服务、技术咨询；计算机系统服务；数据处理；基础软件服务；应用软件服务；销售计算机、软件及辅助设备、电子产品；出租商业用房；机械设备、电子产品租赁；技术进出口、货物进出口、代理进出口；经营电信业务。(市场主体依法自主选择经营项目，开展经营活动；经营电信业务以及依法须经批准的项目，经相关部门批准后依批准的内容开展经营活动；不得从事国家和本市产业政策禁止和限制类项目的经营活动。),曲宁,北京市,"公司是一家覆盖全球的互联网数据中心服务提供商，致力于为中国企业出海提供全球云网一体化解决方案。公司主要服务于游戏、电商、视频、教育、大数据等互联网细分领域及传统行业客户，为其在全球提供快速、安全、稳定的云计算及IDC服务。公司的IDC服务覆盖全国三十多个主要城市。一方面公司的服务使客户业务接近其终端用户，保证了用户体验，另一方面数据中心的广泛覆盖及公司将IDC服务与云计算服务集成为一体的混合架构也有利于客户将其互联网业务布局全球。目前，公司在全国60余个数据中心部署超过3,000个机柜。此外，公司还在全球10余个国家或地区建立了云网一体化服务节点，包括美国、日本、新加坡、德国、中国香港等。",cds-security@capitalonline.net;liping.yang@capitalonline.net,"高性能的IDC服务及云服务等高效,优质的信息技术服务",曲宁,北京,41131.63,杨丽萍,20050713,www.capitalonline.net,首都在线,0,SZSE,SZSE,软件,31110,-,软件和信息技术服务,31110010,5186763000,-38.66,-42.72,¥12.67,科技,311,0.0,0,0,0.0,-10000.0,-1100,0.0,0.0,1.0,36.36,20.81,27.87,-54.54,2020-12-31T05:00:00Z,{5_trade_sell},{trade_sell},2020Q4_1749001
300839,2020Q4_1749000,浙江省宁波市镇海区镇骆东路1818号,一般项目：技术服务、技术开发、技术咨询、技术交流、技术转让、技术推广；石油制品销售(不含危险化学品)；润滑油加工、制造(不含危险化学品)；专用化学产品销售(不含危险化学品)；专用化学产品制造(不含危险化学品)；化工产品销售(不含许可类化工产品)；化工产品生产(不含许可类化工产品)；仓储设备租赁服务(除依法须经批准的项目外，凭营业执照依法自主开展经营活动)。许可项目：危险化学品经营；危险化学品生产；货物进出口；进出口代理；技术进出口(依法须经批准的项目，经相关部门批准后方可开展经营活动，具体经营项目以审批结果为准)。,王律,宁波市,"公司是被纳入国家火炬计划产业化示范项目的高新技术企业，公司主营业务是采用自行研发的间歇式加工生产工艺,连续式生产工艺以及分子蒸馏和沉降等技术,对催化裂化后的燃料油即催化油浆进行深加工,研发,生产和销售作为化工原料的沥青助剂,橡胶助剂,润滑油助剂等重芳烃产品和更为纯净.公司主要产品包括沥青助剂,橡胶助剂,润滑油助剂等重芳烃类产品以及轻质燃料油.公司自主研发的工艺，装置操作温度远低于原料结焦温度，原料在装置内停留时间短，大大减少了原料结焦的可能，因此产品含焦量低、产品色度大为提高，并有效提高了重芳烃产品的收率，实现了催化油浆接近百分之百的综合利用率，提升了经济附加值，符合国家循环经济产业政策，具有循环经济和环保产业的双重特征，为节能减排做出积极贡献。",bohui@bhpcc.com,"主营业务:主要从事对催化裂化后的燃料油进行深加工,生产和销售沥青助剂,橡胶助剂,润滑油助剂,轻质燃料油等产品.公司主要产品包括沥青助剂,橡胶助剂,润滑油助剂等重芳烃类产品以及轻质燃料油.",王律,浙江,10400.0,尤丹红,20051012,www.bhpcc.com,博汇股份,0,SZSE,SZSE,石油与天然气,30910,-,石油与天然气 - 精炼与营销,30910050,2061278000,-18.49,-19.33,¥15.65,能源,309,0.0,0,0,0.0,-10000.0,-500,0.0,0.0,1.0,37.18,24.1,31.5,-50.32,2020-12-31T05:00:00Z,{5_trade_sell},{trade_sell},2020Q4_1749000
600956,2020Q4_1748999,河北省石家庄市桥西区裕华西路9号裕园广场A座,对风能、太阳能、核能等新能源项目的投资，对电力环保设备制造项目的投资，对天然气、液化天然气、压缩天然气、煤制气、煤层气开发利用项目的投资(以上范围属于国家限制类或淘汰类的项目除外)；新能源、清洁能源技术开发、技术服务、技术咨询。,曹欣,石家庄市,集团系华北地区领先的清洁能源开发与利用公司，是河北省最大的天然气分销商，亦是河北省最大的风电运营商，是中国十大风电运营商之一。集团主要从事清洁能源开发与利用，旗下拥有两大业务板块：天然气业务和风电业务。集团在河北省拥有运营天然气输配设施，并通过天然气分销渠道销售天然气。集团从事风电场的规划、开发、运营及电力销售，在河北、山西、新疆、山东、云南、内蒙古等地区拥有风电项目。2012年11月27日，公司所属张家口沽源东辛营200MW风电项目获年度国家优质工程银奖，成为集团公司成立以来率先获此奖项的工程项目，公司所属张家口崇礼轿车山风电项目获由中国施工企业管理协会颁发的2013年度中国电力优质工程奖，该奖项是我国电力行业建设领域的最高奖项。,ir@suntien.com,主要为天然气销售业务及风力发电业务.,梅春晓,河北,384991.04,班泽锋,20100209,www.suntien.com,新天绿能,0,SHSE,SHSE,公共事业 - 管制,20720,-,公共事业 - 多元化,20720040,30989470000,-14.87,24.31,¥12.26,公用事业,207,0.0,0,0,0.0,-10000.0,-2500,0.0,0.0,1.0,11.76,8.36,9.17,33.7,2020-12-31T05:00:00Z,{5_trade_sell},{trade_sell},2020Q4_1748999
300824,2020Q4_1748997,,,,,,,,,,,,,,北鼎股份,0,SZSE,SZSE,硬件,31120,-,消费类电子产品,31120030,5182639000,-1.75,-13.35,¥23.36,科技,311,0.0,0,0,0.0,-10000.0,-2000,0.0,0.0,1.0,38.9,27.48,31.6,-26.08,2020-12-31T05:00:00Z,{5_trade_sell},{trade_sell},2020Q4_1748997
300842,2020Q4_1748996,,,,,,,,,,,,,,帝科股份,0,SZSE,SZSE,工业制品,31070,-,电子器械和零件,31070060,7054082000,49.21,4.78,¥66.40,工业,310,0.0,0,0,0.0,-10000.0,-500,0.0,0.0,1.0,78.78,61.5,68.98,-3.74,2020-12-31T05:00:00Z,{5_trade_sell},{trade_sell},2020Q4_1748996
300847,2020Q4_1749006,河北省邯郸市丛台区开发区世纪大街12号,光电材料及关联产品的研发、生产、销售；有机光导鼓、墨粉、鼓粉盒及零部件的研发、生产、销售；复印机、打印机、传真机、多功能一体机及其消耗材料和零部件的研发、生产、销售；精密设备相关业务；技术咨询服务；货物及技术进出口业务(国家限定公司经营和禁止进出口的商品及技术除外)；经营进料加工和“三来一补”业务。,张海君,邯郸市,公司是国内既能大规模生产墨粉又能大规模生产OPC鼓的企业，是国内打印复印静电成像耗材主要生产厂商之一。公司最早实现OPC鼓的国产化和产业化，通过了国家“863”计划重大项目“有机光导鼓产业化关键技术及发展研究”验收，同时也是早期实现墨粉国产化的企业之一。公司在耗材产业国产化的进程中发挥了重要的推动作用及引领作用，凸显了民族品牌的力量及价值。公司生产的墨粉产品和OPC鼓均被原科技部、环保部、商务部、国家质检总局四部委联合授予“国家重点新产品”证书。公司墨粉产品达到9大系列100多种，OPC鼓产品达到15大系列200多种，基本涵盖了市场的主流机型。,hgoazqb@hg-oa.com,"主营业务:打印复印静电成像耗材及成像设备的研发,生产和销售;主要产品:墨粉,OPC鼓,信息安全复印机,特种精密加工产品.",苏电礼,河北,29601.0,申其林,20000615,www.hg-oa.com,中船汉光,0,SZSE,SZSE,化工,10130,-,特种化学制品,10130020,4805562000,14.07,0.66,¥16.90,基础材料,101,0.0,0,0,0.0,-10000.0,-1400,0.0,0.0,1.0,25.69,15.11,19.84,-14.82,2020-12-31T05:00:00Z,{5_trade_sell},{trade_sell},2020Q4_1749006
300840,2020Q4_1749005,山东省青岛市即墨区红领大街17号,设计、生产、销售：服装鞋帽、服饰、皮革、箱包制品、针纺织品、服装辅料、劳保防护用品、无纺布、熔喷布、塑料制品、包装制品；医疗器械、消毒器械(第二类消毒和灭菌设备及器具)开发、制造、销售；金属柜体加工制造、销售、维修；经营自产产品及相关技术的出口业务；检测服务，质检技术服务，文化交流策划，会议展览服务；企业管理咨询；计算机软硬件研发及销售。研发、生产、销售：机械设备、电气机械设备、自动化成套设备、自动化仪器仪表、电子产品(不含电子出版物)、电子设备及配件、半导体设备及配件、半导体耗材、紫外线辐照设备、新能源原动设备、环保设备、节能设备、机床功能部件及附件、电子元器件与机电组件设备、纺织专用设备、智能基础制造装备；机械、电气、自动化设备安装、维护服务(不含特种设备)；人工智能硬件、工业机器人制造、销售；第二类增值电信业务中的信息服务业务(仅限互联网信息服务和移动网信息服务)(增值电信业务有效期限以经营许可证为准)。(依法须经批准的项目，经相关部门批准后方可开展经营活动)。,张蕴蓝,青岛市,公司主要从事个性化定制服装的生产与销售，包括了男士、女士正装全系列各品类，并向国内相关传统制造企业提供数字化定制工厂的整体改造方案及技术咨询服务。公司坚持“成为有益于社会文明进步的百年企业”的企业愿景，以“践行科学的企业治理思想，创造全新的价值体系”为使命，专注研究实践“互联网+工业”，形成了以“大规模个性化定制”为核心的经营模式，总结出了一套传统企业转型升级的彻底解决方案——数据工程，并创造性地提出了以“个性化定制”模式展开的消费者直接对接工厂的C2M商业生态。2018年8月，公司获得中国管理模式五十人论坛颁发的“中国管理模式创新奖”；2018年10月，获得中国商业经济学会颁发的中国定制经济先锋版“优秀企业”称号。公司的经营模式、产品和服务质量得到行业及社会的认可。,info@kutesmart.com,"公司主要从事个性化定制服装的生产与销售,包括了男士,女士正装全系列各品类,并向国内相关传统制造企业提供数字化定制工厂的整体改造方案及技术咨询服务.",张蕴蓝,山东,24000.0,刘承铭,20071228,www.kutesmart.com,酷特智能,0,SZSE,SZSE,服饰加工,10240,-,服装加工,10240020,3333168000,-7.12,-17.33,¥13.48,周期性消费,102,0.0,0,0,0.0,-10000.0,-1200,0.0,0.0,1.0,28.43,16.84,22.42,-39.88,2020-12-31T05:00:00Z,{5_trade_sell},{trade_sell},2020Q4_1749005
